x y logT
14.285 31.124 -4.6839
7.4450 29.523 -3.3692
16.740 26.145 -6.6023
24.145 25.825 -6.5535
16.702 21.738 -4.0191
13.613 21.452 -4.4500
19.891 21.245 -7.0115
15.663 20.691 -4.1296
9.404  20.472 -3.5412
16.729 19.968 -6.9685
16.754 19.623 -6.4913
15.283 19.610 -5.7775
16.758 19.226 -6.1903
16.758 19.097 -6.4003
16.762 18.763 -6.5705
16.388 18.656 -6.1149
12.103 18.420 -3.5571
16.715 18.402 -6.2964
18.334 18.303 -6.8804
16.442 18.128 -6.0290
15.670 18.095 -6.2005
7.003  17.606 -2.9136
16.748 17.339 -5.6089 
15.360 16.798 -6.4842
21.386 16.794 -10.1234
18.222 16.777 -4.9271
18.365 15.574 -4.5057
11.721 15.321 -5.6897
13.643 15.191 -7.0354
0.0000 15.138 -2.9685
15.399 14.927 -5.9960
16.210 14.493 -6.5213
18.737 13.957 -6.6361
16.945 13.910 -5.9685
20.042 11.896 -6.7132
11.143 11.092 -2.8125
25.994  8.917 -7.1234
 9.481  5.903 -3.2584
17.008 4.705  -3.9019
17.972 3.898 -4.335
11.702 0.000 -5.0547 