"V1" "V2" "V3" "V4" "V5" "V6" "V7" "V8" "V9"
"1" 0.00208945346236631 0.00115340936127217 0.00199490844173347 0.000563699909354309 0.000563699909354309 0.00115822405588594 0.00115822405588594 0.000410830619030695 0.000398002245135695
"2" 0.00538957196016636 0.00409282793408869 0.00301667100979848 0.00449148161214006 0.00449148161214006 0.00144370646249602 0.00144370646249602 0.00132737047000827 0.00261841082893854
"3" 0.00494569525330197 0.00983069844010198 0.00343813717779316 0.044144160139549 0.044144160139549 0.00162342467780232 0.00162342467780232 0.00088551171692737 0.0166208666977671
"4" 0.00754967677489012 0.00977500891328795 0.00461653201943804 0.0281270715841015 0.0281270715841015 0.00181187621900321 0.00181187621900321 0.0147624456572553 0.0066849704289637
"5" 0.00518832265621261 0.00376459339623527 0.00376704695845979 0.00143930024677129 0.00143930024677129 0.00267034215085099 0.00267034215085099 0.00551633048147655 0.00414604557035126
"6" 0.00538837553870099 0.00402681890501168 0.00325322206284578 0.0179045629234577 0.0179045629234577 0.00222699264615103 0.00222699264615103 0.00395229311430967 0.00560552689978487
"7" 0.00221591770658706 0.00163168240529595 0.00279161566319718 0.000390850606747569 0.000390850606747569 0.00380850850161142 0.00380850850161142 0.00353190686762683 0.00711140391890775
"8" 0.00531501031766164 0.00430567996168448 0.0033269471337629 0.0035139025969738 0.0035139025969738 0.0417260381296799 0.0417260381296799 0.00358497769490614 0.00733868282248914
"9" 0.00900562202786995 0.00671270727423104 0.00625657367272611 0.0128696524051512 0.0128696524051512 0.0356948521013692 0.0356948521013692 0.0126286755479373 0.008026312926316
"10" 0.00539198176962633 0.00414581300701451 0.00337241613254356 0.0341386160323917 0.0341386160323917 0.0019859338118621 0.0019859338118621 0.00575383649851726 0.0068564133370505
"11" 0.00522757378579052 0.0041987353711099 0.00366076170289938 0.0411331901159915 0.0411331901159915 0.00220359015953807 0.00220359015953807 0.00654563891714571 0.00645162709166251
"12" 0.00968860109381694 0.00256807336514898 0.00401502027332482 0.00404205094077488 0.00404205094077488 0.00211364884931432 0.00211364884931432 0.0276075329564892 0.0121067402490822
"13" 0.00452167766624985 0.00286779333298645 0.00268459468536526 0.000301447783356776 0.000301447783356776 0.000390140865935522 0.000390140865935522 0.000603439667022872 0.00114907189570474
"14" 0.00530489035734706 0.00431851736160387 0.00325106126733595 0.0188569565241704 0.0188569565241704 0.00241827668790899 0.00241827668790899 0.00295226896953962 0.00679877745615598
"15" 0.00518897251267125 0.00478100937678589 0.00360748841448259 0.0259580827424202 0.0259580827424202 0.0140425580065298 0.0140425580065298 0.00700439050160592 0.00634461304516994
"16" 0.00362199831522381 0.00216371455805631 0.00257469924002229 0.000174240647324432 0.000174240647324432 0.000401263912477045 0.000401263912477045 0.000521351084258606 0.000796939594770055
"17" 0.0053010274260447 0.00413171929746119 0.0034176312256911 0.0145786716760606 0.0145786716760606 0.00301000161758435 0.00301000161758435 0.00288962909218465 0.00447175778351379
"18" 0.0058542395776153 0.0039033069116651 0.00266052895342812 0.00163756651917191 0.00163756651917191 0.00279202058307995 0.00279202058307995 0.00200276855282987 0.00219197133418978
"19" 0.00493915937285301 0.00670273837127493 0.003688726590787 0.0508461571706558 0.0508461571706558 0.00196376848592125 0.00196376848592125 0.00122292957278331 0.0111643587718163
"20" 0.00622916839146254 0.00477172339776804 0.00408872969943661 0 0 0.000683317032893577 0.000683317032893577 0.000586648450506843 0.00205049655828135
"21" 0.00262204845364542 0.0219172449455093 0.00256145267145857 3.77406801540242e-05 3.77406801540242e-05 0.000416957766334569 0.000416957766334569 0.00073198216479309 0.0498552911316414
"22" 0.00534330563104371 0.00403384478336274 0.00376101037816034 0.000954141088161045 0.000954141088161045 0.00127011880623513 0.00127011880623513 0.00219633225687657 0.00271914167294073
"23" 0.00521013149879086 0.00382010336559565 0.00321326813575897 0 0 0.00185590707257632 0.00185590707257632 0.000730593855871348 0.00149297187779899
"24" 0.00793546656024948 0.00580368024509634 0.00290471500347148 0.00329146289787124 0.00329146289787124 0.0038020268151521 0.0038020268151521 0.00392663703345344 0.00422450917222949
"25" 0.00504609824695416 0.00583565038967716 0.0028495373484369 0.00675557819729013 0.00675557819729013 0.0144967247506944 0.0144967247506944 0.00543052590871043 0.00348962636150263
"26" 0.00510111172355803 0.00603934700889552 0.00282972874886194 0 0 0.000637490695043585 0.000637490695043585 0.000649912873002313 0.00144287116827658
"27" 0.00524279447516807 0.00385029571456013 0.00260046567902233 0.00391514786826152 0.00391514786826152 0.00682642319018556 0.00682642319018556 0.0016152790012128 0.00316016028756183
"28" 0.011848382150955 0.00625607961389854 0.00350561039856087 0.000153591233994744 0.000153591233994744 0.000433549878043956 0.000433549878043956 0.000579780358206933 0.0172013137382626
"29" 0.0579339590848721 0.0206579729562282 0.00737095113731782 1.17581559161004e-06 1.17581559161004e-06 0.00044416772781165 0.00044416772781165 4.38465015772267e-05 0.00713978297652454
"30" 0.00462800867070561 0.0040939128041134 0.00332792331585345 0 0 0.000438130790646849 0.000438130790646849 0.000177743410156339 0.000100706879791639
"31" 0.00519569966176111 0.00512206488936225 0.00291159182299896 0.00187385141240985 0.00187385141240985 0.00051387149493913 0.00051387149493913 0.00308903049596928 0.0100747864127641
"32" 0.00519821982199508 0.00359463507136407 0.00310918270254346 0.000427749216136695 0.000427749216136695 0.000578362916034543 0.000578362916034543 0.00149539305229045 0.00886544235650659
"33" 0.00524084233507547 0.00413399484704063 0.00298850795844743 0.00033092699156808 0.00033092699156808 0.00142240657564486 0.00142240657564486 0.00114493962237875 0.00185903713978225
"34" 0.00494471753318441 0.00369888809671962 0.00341293600968982 0 0 0.00116502792431696 0.00116502792431696 0.00260476885278484 0.00663890184143519
"35" 0.00746800454523739 0.00333795224870345 0.00263041425705165 0.000246245079027233 0.000246245079027233 0.000402166798514868 0.000402166798514868 0.000872869827533119 0.00283100236828475
"36" 0.00512466680499084 0.00361532495434141 0.00406511408727142 0 0 0.00175196649648513 0.00175196649648513 0.0109010351022421 0.00107745880106876
"37" 0.0050128316854499 0.00462887863342037 0.00399423053936602 9.33332275296963e-05 9.33332275296963e-05 0.000859408464406261 0.000859408464406261 0.0010089416188905 0.00177064729612039
"38" 0.00518288746815617 0.0041828666524757 0.0042928307833972 0.00099821322505292 0.00099821322505292 0.00117896716512145 0.00117896716512145 0.00180754240191433 0.00322261561318459
"39" 0.00511254853223323 0.00344644554112494 0.0042494373183298 0.000147096655970091 0.000147096655970091 0.000462734987809295 0.000462734987809295 0.000673136010819703 0.00102525369174707
"40" 0.00577116281513706 0.00349718711441011 0.00464401774645804 0.000879945991110622 0.000879945991110622 0.000499255967328175 0.000499255967328175 0.00260617116746984 0.00439995480856717
"41" 0.00454292223078647 0.00300253614200076 0.0030726069680025 3.95295968098389e-05 3.95295968098389e-05 0.000514282543099985 0.000514282543099985 0.000389192840066214 0.00154025395882795
"42" 0.00209955114467537 0.00118519022705823 0.00216733446077913 0.0598785097244 0.0598785097244 0.0800817434001536 0.0800817434001536 0.000305041928323518 0.000431766717200385
"43" 0.00524899907155586 0.00372618406679882 0.00371741522325402 0 0 0.000736282285757646 0.000736282285757646 0.000524822045165635 0.0153284509468664
"44" 0.00259192288631965 0.00139969489393118 0.00269008006809639 0.000410051562142508 0.000410051562142508 0.00100567027021768 0.00100567027021768 0.000434872464981474 0.000467492489998175
"45" 0.00505276041114993 0.00347746601267107 0.00321578677312362 0.000390805155238705 0.000390805155238705 0.000436108487437556 0.000436108487437556 0.000592710681758602 0.00123541623417568
"46" 0.00520107169440315 0.00390234932532505 0.00300777870146067 0.00160609328508035 0.00160609328508035 0.0025039132580443 0.0025039132580443 0.00207311979919715 0.00220706093849847
"47" 0.00371278415848699 0.00333352345708843 0.00317699377848075 0 0 0.000690368987053291 0.000690368987053291 0.000141266417982407 7.10139878983952e-05
"48" 0.00532168048501735 0.00443433764830359 0.00374885329737535 0.0173730266998954 0.0173730266998954 0.00213736448438452 0.00213736448438452 0.00738970712229078 0.00546487544936812
"49" 0.00529236783192845 0.0186315339334403 0.00939670207815492 0.0120541110199871 0.0120541110199871 0.00695621000404425 0.00695621000404425 0.0216306787976012 0.00194192507686854
"50" 0.00228483703659284 0.00126082813544009 0.00221803473060577 0.000129809593751037 0.000129809593751037 0.000159797147173921 0.000159797147173921 0.000331723767087682 0
"51" 0.00517779706825612 0.00373424690036433 0.00385341891760647 0.00479836264869265 0.00479836264869265 0.00200127055551558 0.00200127055551558 0.00520385545709557 0.00263236325788928
"52" 0.00615744184197506 0.00731707203142026 0.00339580693470151 0.0334966595285453 0.0334966595285453 0.00870648392263823 0.00870648392263823 0.00981696883614784 0.0194077638290044
"53" 0.00266450441348942 0.00154290103480671 0.00274429462472797 0.0504244872858544 0.0504244872858544 0.00132134790540557 0.00132134790540557 0.000507270132354565 0.000473456108670796
"54" 0.00488192679219256 0.00314327687352018 0.00330368429967396 0.000190028202628638 0.000190028202628638 0.00227158000142765 0.00227158000142765 0.000530372764076049 0.00651980696323055
"55" 0.00564739599206388 0.00332472906336912 0.00396970382547873 0.000283069914682246 0.000283069914682246 0.000980909365022728 0.000980909365022728 0.000766684974201133 0.00378886900022768
"56" 0.00521516172236932 0.00392398825539019 0.00352106146737848 0 0 0.00437126621950891 0.00437126621950891 0.00114582217008255 0.00164047601363644
"57" 0.00344510842488898 0.00316078274199153 0.00305499512048588 0 0 0.000955473492586458 0.000955473492586458 0.00754869242427694 0.00722780599556478
"58" 0.0139872296576119 0.00128866425966272 0.00216986372790535 0.000925128285259193 0.000925128285259193 0.000173570260360806 0.000173570260360806 0.000483057426693271 0.000225427896379165
"59" 0.0219339630108175 0.0119231159068695 0.00364246103093058 0.0190751579860674 0.0190751579860674 0 0 0.0200328051846916 0.0208864168167852
"60" 0.00618567743575487 0.00756191030495076 0.00256960905994897 0.00367619801454111 0.00367619801454111 0.000664026254874432 0.000664026254874432 0.00446457990148713 0.00531381038289799
"61" 0.00225309141729434 0.00500505752321119 0.00253723753046812 0 0 0.00112904049665239 0.00112904049665239 0.00558568665764283 0.00149317494915945
"62" 0.00527057515887636 0.00413791093072004 0.00375655008836509 0.026338386188169 0.026338386188169 0.0020195318590204 0.0020195318590204 0.00438739392480867 0.00444691416747121
"63" 0.0052254326468813 0.00398741142333917 0.00332588053271138 0.000295896347629195 0.000295896347629195 0.00136360403041734 0.00136360403041734 0.000998688435106674 0.00181087458800072
"64" 0.00179904850852444 0.000986145327339777 0.00176654776523463 1.33288359962642e-05 1.33288359962642e-05 0.000124466891218118 0.000124466891218118 0.000119158751880967 0.000201457846681381
"65" 0.00529023355542814 0.00480883142867912 0.00264497885572764 0.00307622719057676 0.00307622719057676 0.000538160564384207 0.000538160564384207 0.00323058828798393 0.00200720711620895
"66" 0.00502789019074606 0.00288095210548976 0.00337329424661867 0.000464042163483914 0.000464042163483914 0.001266094233124 0.001266094233124 0.00164331659874645 0.00275288811362825
"67" 0.00586877939528163 0.00563501792603216 0.00362219987514609 0.0172667295117089 0.0172667295117089 0.00211766238780316 0.00211766238780316 0.00406787228684321 0.0051979436962506
"68" 0.00504364503147212 0.00331293061162382 0.00270688202821981 0.000355841637671426 0.000355841637671426 0.000449778857065707 0.000449778857065707 0.00151266632880038 0.00313533352375508
"69" 0.00644386926426504 0.00392846654051876 0.00309256064069624 0.00595737875966964 0.00595737875966964 0.00869168250351703 0.00869168250351703 0.00478015631625523 0.00514025965320059
"70" 0.00527601455165431 0.0038534472744618 0.00296911226928511 0.00207757706091107 0.00207757706091107 0.00153821885506683 0.00153821885506683 0.00127167693601302 0.00218967314374123
"71" 0.00251914484250643 0.00136838831009727 0.00219617686972044 3.54966414802218e-05 3.54966414802218e-05 0.000154174585845093 0.000154174585845093 0.000178921425367638 0.00431552193241563
"72" 0.00411079614499857 0.00256898583173853 0.00285339591650687 0.00121956942141336 0.00121956942141336 0.00229541021764468 0.00229541021764468 0.0012303917794765 0.00135187625339545
"73" 0.00528413181392925 0.0046140757103339 0.0034781842573408 0.00226081313999846 0.00226081313999846 0.000741462466901682 0.000741462466901682 0.00143356550241669 0.00455349812007876
"74" 0.00220288072614613 0.00167114910297714 0.003286078118951 0.00202128681129832 0.00202128681129832 0.00293523555679533 0.00293523555679533 0.00134424392846416 0.00114300623404262
"75" 0.00836321562698042 0.000561830723780472 0.00447345829527701 0.000156110169813343 0.000156110169813343 0.000186960417148337 0.000186960417148337 0.000352202993936491 0.000121249767943807
"76" 0.00706908225284676 0.00391758874940395 0.00362257014253281 5.5532664319099e-05 5.5532664319099e-05 0.000675753501915377 0.000675753501915377 0.000410217404544957 0.000447424697171149
"77" 0.00522316840589192 0.00508740821228178 0.00350815531326864 8.23920194541034e-05 8.23920194541034e-05 0.000648009427404326 0.000648009427404326 0.000593454499956477 0.000743433863562652
"78" 0.00305577082735658 0.00144690291650268 0.00258627791241032 0.000388006723305818 0.000388006723305818 0.000388354158850157 0.000388354158850157 0.000102016170132143 0.000137731454738022
"79" 0.0036807569438588 0.00268322776105745 0.00318132747593881 0.00535850638038459 0.00535850638038459 0.00110244277770807 0.00110244277770807 0.000348206941198041 0.00437218584976834
"80" 0.00634722771584312 0.00628675362855745 0.00330826628083054 0.000260275044469555 0.000260275044469555 0.00136163372031611 0.00136163372031611 0.00643694775625538 0.00474625057492659
"81" 0.00451951736258535 0.00605137426583352 0.0038473188170659 0 0 0.00507858099144471 0.00507858099144471 0.000484729263012496 2.41102080334354e-06
"82" 0.0064832636183815 0.00366968146638353 0.00320306957274694 0.000111321092846514 0.000111321092846514 0.000812660512784214 0.000812660512784214 0.000784726033549855 0.0126229610282486
"83" 0.00625125160551774 0.00416176317051101 0.004071637380683 0.0304736655904774 0.0304736655904774 0.000893909264798957 0.000893909264798957 0.00125922362184774 0.00172303058306013
"84" 0.00124309292784499 0.00049303353124819 0.0022070742547499 0 0 0 0 0 0
"85" 0.00600820214058659 0.00346329055426901 0.00312551095406616 0.00350053155934618 0.00350053155934618 0.000507979530090867 0.000507979530090867 0.00148214317482197 0.00132422429828863
"86" 0.00522533113990768 0.00393418226690758 0.0033446197764079 0.00611197322802709 0.00611197322802709 0.00421101833903031 0.00421101833903031 0.00109138658933687 0.00161736274516653
"87" 0.00498547141296781 0.00333998526034518 0.00405380140977405 0 0 0.00103039357786085 0.00103039357786085 0.00387427191275796 0.000489816823189283
"88" 0.00600013743589287 0.00519729480591866 0.00259521345984683 0.000421221177805546 0.000421221177805546 0.00155803130926976 0.00155803130926976 0.00371307536869098 0.00298876879388838
"89" 0.00345920947859996 0.0154110450400165 0.00295182438387407 0.00912769658578653 0.00912769658578653 0.000645925963312682 0.000645925963312682 0.00236789723613912 0.0110668671346437
"90" 0.00508775547550261 0.003847235861885 0.00305225439695143 0.000506083574052949 0.000506083574052949 0.00142536229879982 0.00142536229879982 0.00102320442065979 0.00173446055660895
"91" 0.00641337265140996 0.00443361713897759 0.00305599468916255 0.00142408894821613 0.00142408894821613 0.00221653001100982 0.00221653001100982 0.00231597407850122 0.00822921269898538
"92" 0.00489590982162385 0.00373280972419387 0.00333811593142962 0.00707803517927351 0.00707803517927351 0.00343850408841401 0.00343850408841401 0.00395309398925591 0.00304861486562427
"93" 0.00507192406918905 0.0114070573379023 0.00408017344653193 0.0404244913343902 0.0404244913343902 0.000937406306343068 0.000937406306343068 0.00259821970598118 0.0108166700219895
"94" 0.00141649285462992 0.0006784442734851 0.00178416710776624 0.000103836895924396 0.000103836895924396 7.2118721764669e-05 7.2118721764669e-05 7.01670421413283e-05 9.21151268326817e-05
"95" 0.00233644789753641 0.00826550700090811 0.00257568390901848 0.00250141576193273 0.00250141576193273 0 0 0 0.00126207655354605
"96" 0.00597112497231111 0.0046453496529774 0.0035622951105284 8.41007246150595e-05 8.41007246150595e-05 0.000969170868164807 0.000969170868164807 0.00723467111631527 0.0137930532343406
"97" 0.0128783666748154 0.00629550513039264 0.00403345083157296 5.98797435527859e-06 5.98797435527859e-06 0.00168667187203553 0.00168667187203553 3.67473388688208e-05 0.0111633015341371
"98" 0.00486601680489545 0.00343546334686527 0.00400344376540411 0.000291460499815336 0.000291460499815336 0.00098486548650752 0.00098486548650752 0.000955566442961911 0.00137001000386037
"99" 0.00519974088745179 0.00380158560337176 0.00298065183876155 0.000376764171223364 0.000376764171223364 0.00119437097116598 0.00119437097116598 0.00111667788578116 0.0020109695504126
"100" 0.00705138141690092 0.00340099996489629 0.00296933415283669 0.00177989299093717 0.00177989299093717 0.000587034848966669 0.000587034848966669 0.00324369232875068 0.0127662233932881
"101" 0.0063844069785679 0.00392111109673101 0.00364260255270546 0.00555824172863851 0.00555824172863851 0.000893748981508042 0.000893748981508042 0.000202680626486434 0.0003578147791594
"102" 0.00589115679599185 0.00371835955333268 0.00345922127951402 0.0197136318611482 0.0197136318611482 0.00190521808139197 0.00190521808139197 0.00269831405082928 0.00438680470616488
"103" 0.00507455612850701 0.00364293562698482 0.00478751452436613 0.00213778996260615 0.00213778996260615 0.000204174474557317 0.000204174474557317 0.00158501127904473 0.00340102118408308
"104" 0.00527262308714984 0.00375400583315246 0.00288316346646741 0.00121870652569663 0.00121870652569663 0.00201569425821213 0.00201569425821213 0.00237499596544863 0.00308524547913802
"105" 0.0052310507000684 0.00378396656677498 0.00308391282078673 0.000479472545671585 0.000479472545671585 0.001262711478121 0.001262711478121 0.00119774000039259 0.00201958543179587
"106" 0.0307610643447138 0.0102967139961041 0.025598527250746 0 0 3.37151331934114e-05 3.37151331934114e-05 4.22943068905656e-05 0.0107704071102409
"107" 0.00251315631201208 0.0120716881276096 0.0029100937107073 0 0 0.00156278974737003 0.00156278974737003 0.00101768252904188 0.00039743138937768
"108" 0.00427999538656565 0.00284366756661563 0.00253070274724934 1.23175714508912e-05 1.23175714508912e-05 0.000269576326572279 0.000269576326572279 0.000243259059559727 0.00672438682719999
"109" 0.00335594438492856 0.00175301004347888 0.00303159288214271 0.005234130202069 0.005234130202069 0.000520640530518368 0.000520640530518368 0.000655216714466457 0.000396306392852486
"110" 0.00578368474975122 0.00565763777698455 0.00327403122819852 0 0 0.000577019285242197 0.000577019285242197 0.000720537230473064 0.00929797442871432
"111" 0.0052036852166567 0.00377434327072846 0.00318092888170339 0.000114584007360483 0.000114584007360483 0.000780228532702791 0.000780228532702791 0.00191696414208944 0.00512396662967718
"112" 0.00555393634929329 0.00732047001421474 0.0034139987821697 9.05241736739901e-05 9.05241736739901e-05 0.000646597255306431 0.000646597255306431 0.00466141833317147 0
"113" 0.00520202041057979 0.00368422644327522 0.0043702532639767 0.000291037746322278 0.000291037746322278 0.000681547163710908 0.000681547163710908 0.00128140496601855 0.00455102871800486
"114" 0.00502012199599193 0.00343140750498562 0.00390224849435445 0 0 0.00124177048781078 0.00124177048781078 0.000814373232856245 0.000716085813602087
"115" 0.00289220630056939 0.00186556226927669 0.00293746814910409 0 0 0.000473821374873038 0.000473821374873038 0.000372556958066523 0.000278827240584291
"116" 0.00522479754216388 0.00393649895481807 0.00431997879868963 0 0 0.000512470031494006 0.000512470031494006 0.00373526885674777 0.00151326455512583
"117" 0.00501506470523886 0.00374702091878575 0.00376982923489087 0.00474962813429171 0.00474962813429171 0.00219661756127651 0.00219661756127651 0.00592380207573906 0.00838538344862633
"118" 0.00338765500368614 0.00208306150133279 0.00305334388287586 0 0 0.000420599589252057 0.000420599589252057 0.00020059710388939 0.000109204627783481
"119" 0.00452029731728183 0.00301707125724495 0.0033969261191896 0 0 0.00338750009720776 0.00338750009720776 0.000411801573794731 0.000629780195483131
"120" 0.00527855136955074 0.0041375237613553 0.00348771934592211 0.0390368692620362 0.0390368692620362 0.00293258019755335 0.00293258019755335 0.00195555710827845 0.0039351440975774
"121" 0.00640093382877338 0.00403964996900677 0.00609815408730384 0.000273669038945638 0.000273669038945638 0.00206853293626325 0.00206853293626325 0.00148987287171208 0.000467188947910848
"122" 0.00515746890908307 0.0044862427811044 0.00435438365119601 0.000399283605504571 0.000399283605504571 0.0119893461602802 0.0119893461602802 0.00132444757549905 0.00150617931653975
"123" 0.00561132325914444 0.00499056612384187 0.00555675863727773 0 0 0.00396344682253173 0.00396344682253173 0.0168502472448025 0.00392369839637045
"124" 0.00240431286469395 0.00132823671760733 0.00208629195126075 5.43782274275786e-05 5.43782274275786e-05 0.000315955283780759 0.000315955283780759 0.000343560687649358 0.00048397805694289
"125" 0.00487733351299108 0.00764353956688538 0.00324903384524174 0.0133949282265506 0.0133949282265506 0.00588741251221279 0.00588741251221279 0.0276790806406053 0.0116156617197407
"126" 0.00583430458365171 0.00413434102295155 0.00354484958539243 0.00441768881751792 0.00441768881751792 0.00707960939831403 0.00707960939831403 0.00322610687090456 0.00276822497656611
"127" 0.00351759374297589 0.00220261028930829 0.00432833290717109 0.000701514795085728 0.000701514795085728 0.000560971889801882 0.000560971889801882 0.000435995442804224 0.0325732695732335
"128" 0.0052654536806487 0.0038154083569176 0.00284579528280735 0.000379510137317312 0.000379510137317312 0.000913301673178004 0.000913301673178004 0.00124495702479951 0.00224177602106782
"129" 0.0225587209665437 0.0225584094680389 0.00483674134941632 0.0152695543047751 0.0152695543047751 0.000231468992554405 0.000231468992554405 0.000131721885113346 0.0344016650379465
"130" 0.00339567551156267 0.00198590266938632 0.00302790198583546 0.000109838020234684 0.000109838020234684 0.000323395512663022 0.000323395512663022 0.000649308966062089 0.000289116696408138
"131" 0.000595248630612672 0.000349989836668691 0.00406388080156204 1.71659846030654e-06 1.71659846030654e-06 2.20523673448724e-05 2.20523673448724e-05 1.14006122168443e-05 1.76768575561343e-05
"132" 0.00333403263284438 0.0015838001454318 0.0023952331450352 6.9121514668437e-05 6.9121514668437e-05 0.000172824358300873 0.000172824358300873 0.000169474909625333 0.000619360928870197
"133" 0.00495097784280851 0.00312943196507045 0.00376132509748236 3.3448110393863e-05 3.3448110393863e-05 0.000844916066014141 0.000844916066014141 0.000674166141546444 0.000849042830646953
"134" 0.0128104764492192 0.00355115687997692 0.00265884629172421 0.000265232451645309 0.000265232451645309 0.000493453943492769 0.000493453943492769 0.00100956383717933 0.00384203984550542
"135" 0.00566501753511487 0.00367142476068651 0.00326023632157743 0.000857368740080005 0.000857368740080005 0.00102848044026988 0.00102848044026988 0.00353615302324509 0.00178857320401634
"136" 0.00982375434006697 0.00220142696152429 0.00293775558321319 0.00152107193042024 0.00152107193042024 0.000373074804583866 0.000373074804583866 0.00128739421774599 0.00110160404260006
"137" 0.00264500711307649 0.00152642661427043 0.00288121824454579 0 0 0.000835439611606791 0.000835439611606791 0.000283241374265488 0.000435571095169253
"138" 0.0137231270353823 0.012175438522526 0.0019356888938728 0 0 0.000142099802887359 0.000142099802887359 0.000106685647830879 0.00386453603488907
"139" 0.00620404236857083 0.00428797858854136 0.00279813585490903 0.00252750453389993 0.00252750453389993 0.00416436697534513 0.00416436697534513 0.00244304599600878 0.00265853107098796
"140" 0.00502237926867303 0.00468796617603507 0.00270008850803466 0.000346562766161574 0.000346562766161574 0.000801821295433017 0.000801821295433017 0.0011187026659774 0.00202237189989725
"141" 0.010470157124418 0.0147951498156725 0.00596822615329245 0.00938467013174345 0.00938467013174345 0.003863369711934 0.003863369711934 0.0134951077992223 0.00198168345203623
"142" 0.00279636489605045 0.0228352682062836 0.00242204072778952 0 0 0.000287346991255716 0.000287346991255716 0.000274594112482448 0.0210176295106802
"143" 0.00691484301150007 0.0113252356559941 0.00346765894245357 0.0093119329113802 0.0093119329113802 0.00565979276027139 0.00565979276027139 0.000928256760023545 0.00565336611167126
"144" 0.0266664019896885 0.0342010552382336 0.00277851258795776 1.84372026146776e-05 1.84372026146776e-05 0.000406454706489803 0.000406454706489803 0.00194673382520981 0.00137799962708059
"145" 0.00514256726095436 0.00371726923963679 0.00355880638417372 0.00203344625944087 0.00203344625944087 0.00153990767761223 0.00153990767761223 0.0102861517787068 0.00184231931068581
"146" 0.0320766328714381 0.0226729748462766 0.0174022013124866 1.68603995112919e-06 1.68603995112919e-06 0.000552887940125459 0.000552887940125459 0.00160008474094748 0.0271639532042763
"147" 0.00501328739156705 0.00387996012515235 0.00617894568657906 0.000328572376820377 0.000328572376820377 0.00182661286609578 0.00182661286609578 0.00129454490287145 0.00362527807658795
"148" 0.00433943104853547 0.00976721715634653 0.00389683100480746 0.00401560058875403 0.00401560058875403 0.0032411076631834 0.0032411076631834 0.000407404645414614 0.00250929764764261
"149" 0.00702164047521508 0.00631394713606026 0.00820528110891889 0.00826727732161821 0.00826727732161821 0.0124361550940582 0.0124361550940582 0.00530652933093314 0.00473087175892078
"150" 0.0039093030549767 0.0039121180016853 0.00519090642381757 0 0 0.000104177346716604 0.000104177346716604 0.0175345414680234 0.00270459422444847
"151" 0.00192731360372699 0.0185445490841913 0.00223974497908056 0.000681004380024113 0.000681004380024113 0.000178324797138706 0.000178324797138706 0.000456354961754155 0.0118569995964343
"152" 0.00417918423506022 0.00258399037215631 0.00245623049841212 0.000691466867213615 0.000691466867213615 0.000945240607010254 0.000945240607010254 0.000922230398186088 0.00131844712700737
"153" 0.005319180695171 0.00430319158365628 0.00314330069381341 0 0 0.00190767672934324 0.00190767672934324 0.00137227324194295 0.00256227101947284
"154" 0.00510352970453309 0.00382253516370759 0.00325349034529573 0.00277955271115709 0.00277955271115709 0.00321156836536677 0.00321156836536677 0.00119159002979139 0.00182579721156313
"155" 0.00522091936441498 0.00448702888156151 0.00347231764139789 0.00149284482289303 0.00149284482289303 0.000697110609526341 0.000697110609526341 0.00109107494833798 0.00207663500341197
"156" 0.00148742528654851 0.000828282653918634 0.00141993275359065 0.000147094571901279 0.000147094571901279 0.000233445114865926 0.000233445114865926 0.0002775848449141 0.000404168787078718
"157" 0.00821671113298224 0.00278199881865714 0.00328530079912225 2.40535495737698e-05 2.40535495737698e-05 0.00259795404408436 0.00259795404408436 0.000183251752662424 0.00838808602488829
"158" 0.00556409813019518 0.00429233112708448 0.00318953017390742 0.00160759678050258 0.00160759678050258 0.000367294536198354 0.000367294536198354 0 0
"159" 0.00518638932945133 0.00375825879532407 0.00268552671048244 0.00028909297750452 0.00028909297750452 0.000644545511017344 0.000644545511017344 0.00118552573288008 0.00278765031559549
"160" 0.00521903490838851 0.00389362043945148 0.00487516954513041 0.0146331343793352 0.0146331343793352 0.00171218393190227 0.00171218393190227 0.0035156456500379 0.0032853977727348
"161" 0.00158774898669389 0.000308435104501409 0.00313571477074795 0 0 0.000200551750890989 0.000200551750890989 0 0
"162" 0.0107436397390154 0.00204164920061004 0.00404572545332531 0 0 0.00151331802101414 0.00151331802101414 0 0.0156296196990996
"163" 0.00262390199637069 0.0323936857433047 0.00241963965075946 0.000961877736258324 0.000961877736258324 0.000215355916615089 0.000215355916615089 0.00037131336500291 0.000406795906912208
"164" 0.00530228894556461 0.00359709426292746 0.00348676364950965 0.0110175788752353 0.0110175788752353 0.00285597686924805 0.00285597686924805 0.00130555775730638 0.00153363133141889
"165" 0.00517070289753632 0.00350245211865904 0.00353170734177547 5.59011054915638e-05 5.59011054915638e-05 0.000869468004711057 0.000869468004711057 0.000804039464809062 0.000801551388762822
"166" 0.00556306347737914 0.00427517358817927 0.00292204021826514 0.000432308325032126 0.000432308325032126 0.000553445763042089 0.000553445763042089 0.00234749795900312 0.00568906921336426
"167" 0.00450728279125055 0.00298035479246923 0.00340305863354837 0.012961128884426 0.012961128884426 0.00130983867861815 0.00130983867861815 0.00244104109495426 0.00389813207702814
"168" 0.00773930321775009 0.00475310513416183 0.0386291060964535 0.0103606971442194 0.0103606971442194 0.013044432328024 0.013044432328024 0.0126718140974475 0.00896480686705805
"169" 0.00527952092569528 0.00390392971101065 0.00301177990181426 0.00123768201558431 0.00123768201558431 0.000997204442693218 0.000997204442693218 0.00162780746236999 0.00470525130015455
"170" 0.00521882796193984 0.00418027488771343 0.00609523573451197 0 0 0.00883957104318527 0.00883957104318527 0.000662876580841388 0.00575007949537878
"171" 0.00545399024177589 0.00467288683057148 0.00354093324942918 0.0346866468123612 0.0346866468123612 0.00162511967539153 0.00162511967539153 0.00192132041923058 0.0044189059942162
"172" 0.0052937548009962 0.00365793780515804 0.0044570498750135 0.0159999244136738 0.0159999244136738 0.000476226448403481 0.000476226448403481 0.000943715663223238 0.00401010302863384
"173" 0.00519488480737513 0.00376037524162785 0.00267034458377195 0.00215816340068558 0.00215816340068558 0.000525345789489749 0.000525345789489749 0.0011018339839955 0.00221574729071005
"174" 0.00468465482455227 0.00328097747231895 0.00317682514808571 0.00657342017456976 0.00657342017456976 0.00141921836582356 0.00141921836582356 0.000449148259310189 0.00462236148005007
"175" 0.0140423267697164 0.0209448003303219 0.00448279780229625 0.0110471234736632 0.0110471234736632 0.0192173903743872 0.0192173903743872 0 0.00621378227566447
"176" 0.0195015775349784 0.00161314857984071 0.00263320263479694 0.000332371870351678 0.000332371870351678 0.000249592290697352 0.000249592290697352 0.000442879204658511 0.000303560505668439
"177" 0.0232748133778466 0.0125664412877592 0.0180834106645058 0 0 9.08430018691995e-05 9.08430018691995e-05 6.27126024450424e-05 0.0191656854449964
"178" 0.00522799442978889 0.00391558821658926 0.00262197459201355 0.00102548448117114 0.00102548448117114 0.00569593209152305 0.00569593209152305 0.00874797889476229 0.00365731610265685
"179" 0.00522867484810163 0.00388404305300948 0.00350030590906614 0.0281709612402209 0.0281709612402209 0.00236556983867002 0.00236556983867002 0.00224897813273683 0.00169401403082602
"180" 0.00481595208610682 0.00329092153875811 0.0026596489346093 0.000117180824685176 0.000117180824685176 0.000474992899575813 0.000474992899575813 0.000786517088077435 0.00298088864985888
"181" 0.0161313339488613 0.00141917615127688 0.00251144653683895 6.51291924031634e-05 6.51291924031634e-05 0.000178680324797598 0.000178680324797598 0.000773342597526347 0.000121196214547571
"182" 0.000997861776603069 0.000660675845667299 0.00127646300398026 1.47460771131203e-07 1.47460771131203e-07 2.95708950756859e-05 2.95708950756859e-05 8.8621300228548e-06 0
"183" 0.00193496898790487 0.00131183139933398 0.00269903551114868 0 0 0.0304123022563817 0.0304123022563817 0.000245685322117037 0.000265881267323466
"184" 0.00502206781464907 0.00438161857388142 0.00329101106986569 0.00368079929000539 0.00368079929000539 0.00101700155979579 0.00101700155979579 0.00245483002740895 0.00387525490129888
"185" 0.00253881269357755 0.00947092307622273 0.00255955984860209 0.0265690665154538 0.0265690665154538 0.00170677881703855 0.00170677881703855 7.6354594087094e-05 0.0104932995730531
"186" 0.00143785064743867 0.000657236482599825 0.00184108579692835 3.90138929105843e-05 3.90138929105843e-05 7.87910696587601e-05 7.87910696587601e-05 0.000270802219700825 0.000180597706345103
"187" 0.00602408976134582 0.00353321988276869 0.00475836035240986 0.000887421334255909 0.000887421334255909 0.000599209225640305 0.000599209225640305 0.00211501280726009 0.00835815775220587
"188" 0.00212990288545419 0.00108926614374379 0.00245729300266629 0 0 0 0 2.43671191607896e-06 0
"189" 0.00527051071264229 0.00433100888290988 0.00391203277778486 0.00197500187103632 0.00197500187103632 0.00548075942773818 0.00548075942773818 0.00381853901377243 0.00318609337519905
"190" 0.00218686844155352 0.001205029116762 0.00196395308078983 4.80685143446632e-05 4.80685143446632e-05 0.000238177978812399 0.000238177978812399 0.000165940349008615 0.000322280787618564
"191" 0.00566749650282611 0.00422620896084295 0.00320469944963233 0.0163470419294631 0.0163470419294631 0.00105342411749185 0.00105342411749185 0.00611018252665243 0.00118293565226896
"192" 0.00207793195098835 0.00133756006589842 0.00446669009397065 0 0 0.00153739423150199 0.00153739423150199 0.00023085070935823 0
"193" 0.00851037433239694 0.00685198340169114 0.00387994159539526 0 0 0.00977106258208163 0.00977106258208163 0.000430366102889033 0.00522936543241298
"194" 0.0184963874395622 0.0113343097549942 0.00761344616587628 0 0 0.0127109053625274 0.0127109053625274 0.000146798368129237 0.0114116279446014
"195" 0.0052508834338689 0.00383024027089039 0.00406405113775897 0 0 0.00197817568690378 0.00197817568690378 0.00123303023082509 0.00171630787730171
"196" 0.00514931989970694 0.00353252344420525 0.00304679819246481 9.33210912751938e-05 9.33210912751938e-05 0.000811154892433908 0.000811154892433908 0.000816106406830654 0.0211478974377431
"197" 0.00426270844825822 0.00262007426008626 0.00310365677274976 1.22077955105377e-05 1.22077955105377e-05 0.000648046697416524 0.000648046697416524 0.000317114444099916 0.00796001789374062
"198" 0.00116855930317492 0.0324582576845561 0.00170022363704016 1.61462767458716e-05 1.61462767458716e-05 8.72458163688419e-05 8.72458163688419e-05 0.000265319849647425 0.00593935057169773
"199" 0.0145712438265971 0.000332461192990415 0.00260223198884965 6.40903332281417e-05 6.40903332281417e-05 3.89847607471673e-05 3.89847607471673e-05 0.00013651701691444 0.0156655109341406
"200" 0.00531528436174307 0.00483737525681514 0.00319031042078632 0.00459396225826258 0.00459396225826258 0.00117900701001385 0.00117900701001385 0.0181252800971962 0.0111435220760107
"201" 0.0022167932681488 0.00110332636007408 0.00215610185265612 4.93895872757489e-05 4.93895872757489e-05 0.000122827688968483 0.000122827688968483 9.17799337782259e-05 0.000170166012314818
"202" 0.00525936220998887 0.0035396152905957 0.00376918602609264 0.000120032929862555 0.000120032929862555 0.000869881329656524 0.000869881329656524 0.00611816313196259 0.000620043105887239
"203" 0.00548972234567201 0.00472345014555976 0.00562300730546929 0.000622617832876863 0.000622617832876863 0.00123066529994216 0.00123066529994216 0.0017523243997521 0.00578723778222151
"204" 0.00505178434916758 0.0044027056757193 0.00551314560102036 0.000509357331082086 0.000509357331082086 0.00159401753857206 0.00159401753857206 0.00136250163817155 0.00148574090049964
"205" 0.000658607289890238 0.000296582243438064 0.00167145649750118 0 0 0.000851978738454294 0.000851978738454294 2.90166771780398e-05 0.00689597465301933
"206" 0.00264875678543398 0.00162049455592752 0.00283300909252521 0.123387813196226 0.123387813196226 0.000854683382833551 0.000854683382833551 0.0187661348757706 0.000487878126552267
"207" 0.00691256685406598 0.00536363251942438 0.00337285832805551 0.0339552121702559 0.0339552121702559 0.000980882655023274 0.000980882655023274 0.00157161110788831 0.00866046105089319
"208" 0.00553215261760586 0.0030744505698757 0.00448372872028145 0.0018812567093166 0.0018812567093166 0.000453082533666687 0.000453082533666687 0.000466460161381138 0.000511820256454978
"209" 0.00530025253035671 0.00427299169012006 0.00318207415403495 0.00216107873396175 0.00216107873396175 0.00151275737148433 0.00151275737148433 0.00169339558786118 0.00337924391580917
"210" 0.00526565773413297 0.00362788218177908 0.00301443161135331 0.00452851938512143 0.00452851938512143 0.0063688916119883 0.0063688916119883 0.00498249773411434 0.00474642513474403
"211" 0.00525917860609574 0.00434938461101373 0.00449553274960209 0.000591085221904202 0.000591085221904202 0.00264862239669765 0.00264862239669765 0.00157799984755744 0.00203308925269392
"212" 0.0051726388146072 0.00361928749716753 0.0027998443923112 1.26253454965689e-05 1.26253454965689e-05 0.000544686727066333 0.000544686727066333 0.0127762976320617 0.00177558935212372
"213" 0.0018791030839656 0.000940598168180245 0.00225580151455746 5.35417235161543e-06 5.35417235161543e-06 0.000138057074706016 0.000138057074706016 7.0144395523402e-05 0.0225379753475529
"214" 0.00626960195690264 0.00529272845669609 0.00299554681092814 0.000356753416556525 0.000356753416556525 0.00071083288562565 0.00071083288562565 0.000980059338897561 0.00194810667371435
"215" 0.00767707049026233 0.00621240946665374 0.00312730174810707 0.000714565548535018 0.000714565548535018 0.00861455893031179 0.00861455893031179 0.00163289165747277 0.00872389418532033
"216" 0.00293407367828037 0.00154835856484311 0.00220043767431757 3.24397978381926e-05 3.24397978381926e-05 0.000167415673173604 0.000167415673173604 0.000167983414597437 0.00116970912508852
"217" 0.00492275608816292 0.00320603409470834 0.00357334648652907 0.017202462927435 0.017202462927435 0.00181141207452797 0.00181141207452797 0.00217209869016762 0.00152431947265374
"218" 0.0105554549141582 0.000561496921018961 0.00457562442633459 0.000106560015680089 0.000106560015680089 0.000141546983164852 0.000141546983164852 4.32216321302021e-05 0.00541505760522797
"219" 0.00522912216207462 0.00422690661832192 0.00447778264201015 0 0 0.00330903789621951 0.00330903789621951 0.00225105890398473 0.00205608061032279
"220" 0.00516506631268435 0.00370313197374907 0.006148160699637 0.000146890370642728 0.000146890370642728 0.00111962258904823 0.00111962258904823 0.000931166124604404 0.00157507376556088
"221" 0.00487350490792808 0.00649467972112884 0.00321536726973462 0.025996492145791 0.025996492145791 0.00134569728589472 0.00134569728589472 0.00506989505958915 0.00401170216069686
"222" 0.00476102361914018 0.00310408580109765 0.00278577313922903 0.000378254920101748 0.000378254920101748 0.000334763218845797 0.000334763218845797 0.000315847102031977 0.000190394830271088
"223" 0.00476808001639692 0.0029810284818848 0.00306083928705663 0.00245476475440377 0.00245476475440377 0.00134651790330897 0.00134651790330897 0.000173765272426551 0.000326031136122582
"224" 0.00224866065357043 0.00152054582426821 0.00217435356603663 8.47672754887368e-06 8.47672754887368e-06 0.000325052931325645 0.000325052931325645 0.0001064119054868 0.000865893820953369
"225" 0.00522759035204472 0.00424001921821762 0.00292020706963952 0.00292028344804168 0.00292028344804168 0.00511434609272209 0.00511434609272209 0.0029879515907794 0.00343831065115948
"226" 0.00656517011696904 0.00365643151057424 0.00282199354353687 0.00503484824803691 0.00503484824803691 0.00623327304344943 0.00623327304344943 0.00597351355291793 0.00465870434976935
"227" 0.00598999949494594 0.00550336836970107 0.00367022931084783 0.00176061470105785 0.00176061470105785 0.00102041130090674 0.00102041130090674 0.0125374980690248 0.0100113860295844
"228" 0.00511060956553413 0.0037264040331194 0.00274486068297055 0.000323984940584208 0.000323984940584208 0.00058429848114859 0.00058429848114859 0.00215879939358485 0.00314520845608218
"229" 0.00596820625307184 0.00558971808675705 0.00374027383481866 0 0 0.0133557858948668 0.0133557858948668 0.0128255109536218 0.00711769218097868
"230" 0.00553032714166575 0.0094218801096975 0.00531341876688846 0.000335020122561975 0.000335020122561975 0.00121197126626586 0.00121197126626586 0.00081653743195321 0.00557652336258753
"231" 0.00527656042375424 0.00298453688225988 0.00390460995029006 0 0 0.000499000922991017 0.000499000922991017 0.000337717266467369 0.00283171335786759
"232" 0.00508089189725079 0.00368176361290229 0.00328789225420677 0.0197698464276961 0.0197698464276961 0.00230434916536264 0.00230434916536264 0.000975277899341932 0.00161409953184324
"233" 0.00435012934143253 0.00288068106638114 0.00383116946116049 7.22315152605398e-05 7.22315152605398e-05 0.000935911422657059 0.000935911422657059 0.00068116397392881 0.00129845452559749
"234" 0.00362059071464974 0.00380914466503723 0.00254885856659251 0.00182990536719644 0.00182990536719644 0.000767651944686979 0.000767651944686979 0.00492816050605393 0.000406434371024328
"235" 0.00598966201532692 0.00598379530507989 0.00334674505305606 5.98610316352048e-05 5.98610316352048e-05 0.000534367919475185 0.000534367919475185 0.000556703269265234 0.00256082195660091
"236" 0.00530703906632367 0.0039401400804688 0.00360144759592288 0.000512220830821534 0.000512220830821534 0.000800348213697172 0.000800348213697172 0.000450275268347569 0.000464130588397836
"237" 0.00585285252960478 0.00412194464091393 0.00315470118192506 0.00182541090924342 0.00182541090924342 0.00337907084590353 0.00337907084590353 0.00204396667269771 0.00213173858933742
"238" 0.00525041670060308 0.00472314942356558 0.00414283101733933 0.00042309015113022 0.00042309015113022 0.00088190922869973 0.00088190922869973 0.00132343464956588 0.00199591251097963
"239" 0.00435473181478437 0.00382217512481031 0.00448760938155804 0.00443042633989634 0.00443042633989634 0.000573921878344954 0.000573921878344954 0.000397214874890476 0.000457240105276812
"240" 0.00530459907845954 0.0050446093951196 0.00467230748210274 0.000255116911957693 0.000255116911957693 0.000940486658855597 0.000940486658855597 0.00102956117683544 0.00170618081925746
"241" 0.00518713945963555 0.00367900443332087 0.00385472208247678 0.00741750744216652 0.00741750744216652 0.00189448701034157 0.00189448701034157 0.00610772070499908 0.00314220526504159
"242" 0.00538547550187495 0.00358064360990294 0.00323895058807332 0.00311801752025685 0.00311801752025685 0.000874713987016316 0.000874713987016316 0.00725158639011912 0.000957837169792134
"243" 0.00600328282033342 0.00458184999095958 0.00271400544992024 0.000913177923400499 0.000913177923400499 0.00160775560752224 0.00160775560752224 0.00170048755051973 0.00187201148983225
"244" 0.0147535032461359 0.00759376386596213 0.00539403942853496 0 0 0.00172822262722569 0.00172822262722569 7.63449437088712e-05 0.00996042327991223
"245" 0.00475144807521188 0.00234850890936867 0.00259435215242359 6.48776165391977e-06 6.48776165391977e-06 0.00029663293183396 0.00029663293183396 0.000310359734337404 0.000592210836910716
"246" 0.00535084235362234 0.00395348361072859 0.00342359069174275 0.000141782209546634 0.000141782209546634 0.00111333343762942 0.00111333343762942 0.00278792355040062 0.0168263222816785
"247" 0.00519352489569957 0.0035629380408756 0.00292282531831486 7.81423826683926e-05 7.81423826683926e-05 0.000556756869017297 0.000556756869017297 0.00456255643707438 0.00127966528819148
"248" 0.00502735429566051 0.00362987572302019 0.00301686866193494 0.0241328177131118 0.0241328177131118 0.00237085607589674 0.00237085607589674 0.00621310807238941 0.00163591228084069
"249" 0.0051681829225528 0.00440152208961134 0.00373136703760148 0 0 0.000988215207078535 0.000988215207078535 0.00113719062548467 0.0013765522180837
"250" 0.00541858519095752 0.0061208721475319 0.00339218512175557 0 0 0.0023306560982251 0.0023306560982251 0.00332551809872306 0.00251990890105179
"251" 0.00515283713580836 0.00395204661708048 0.00321212426124524 0.0082383361607519 0.0082383361607519 0.00156831414313439 0.00156831414313439 0.00316723832928379 0.0121963379700855
"252" 0.00805164597554181 0.00349332557934356 0.00658035330413586 3.61555896348449e-05 3.61555896348449e-05 0.00108886005301634 0.00108886005301634 0.00086237014087971 0.011889086821908
"253" 0.00686555848573121 0.00325978783755702 0.00302371624967337 0 0 0.00412367445351281 0.00412367445351281 0 0
"254" 0.00793445485845325 0.0229743489595918 0.00484860024758393 0.0169149328940766 0.0169149328940766 0.00239032918747262 0.00239032918747262 0.000204653358722126 0.00042731286139564
"255" 0.0165632113713865 0.00129721364243461 0.0171299779280183 1.05509694804812e-05 1.05509694804812e-05 0.00205875628675133 0.00205875628675133 0.000227577243541627 0.0241401068211089
"256" 0.0237816474652763 0.0162022585056105 0.00383561983330309 1.66019259109443e-05 1.66019259109443e-05 0.0021158930268825 0.0021158930268825 9.54421947658054e-05 0.00532389775955041
"257" 0.00331264357507039 0.0069664235819377 0.00511891229831649 0.0703953963281524 0.0703953963281524 0.000942469640935928 0.000942469640935928 0.0137619560023834 0.0111402605175013
"258" 0.00410478137490882 0.00248212513043815 0.00277306647975107 0.000894364927360469 0.000894364927360469 0.000319663716389362 0.000319663716389362 0.000481848691339426 0.000548449359408753
"259" 0.0162900030764248 0.0174504268530211 0.0312357270097591 1.5249047891566e-05 1.5249047891566e-05 0.000302701404350048 0.000302701404350048 0.000198195250851335 0.0298861634995232
"260" 0.00512841238625842 0.00384568659243192 0.00381311186926337 0.000920245720589737 0.000920245720589737 0.00147525208869828 0.00147525208869828 0.00130475777512724 0.00219965274758303
"261" 0.0221366227734808 0.00674727255955467 0.0053171574377765 0 0 0.000319400214408503 0.000319400214408503 0.000194331890530269 0.00488238006339764
"262" 0.00642180244546053 0.00323262492553347 0.00301752202450575 0.000213871059264759 0.000213871059264759 0.000718247791940597 0.000718247791940597 0.00201737372531823 0.000948173411610332
"263" 0.00489210881952073 0.00363654265225818 0.00312039091995929 0.00294586353452405 0.00294586353452405 0.000817375926681808 0.000817375926681808 0.00807112129595281 0.00421735037833549
"264" 0.00528029767971387 0.00421403249554228 0.00344407725233785 0.0166921077037012 0.0166921077037012 0.00307929481661817 0.00307929481661817 0.00171053024643734 0.00293607039141219
"265" 0.0109507332943736 0.015611830415822 0.00312627665882201 2.49870598981966e-05 2.49870598981966e-05 0.00029910714105604 0.00029910714105604 0.00025100845028539 0.0142315384732169
"266" 0.0274832116639961 0.0173810176990725 0.00991499589566839 0.00157961151312686 0.00157961151312686 0.00437341698229065 0.00437341698229065 0.0056063822567352 0.0131387552765339
"267" 0.00550743785045838 0.00365655519279803 0.0036026534125851 0 0 0.00124790917726082 0.00124790917726082 0.000994054091728218 0.00134498438539512
"268" 0.00523580424371338 0.00399466804215976 0.0047217873556638 0.00493689833811761 0.00493689833811761 0.0011683975393161 0.0011683975393161 0.00102598174150185 0.00673948255135449
"269" 0.0052125229887825 0.00390931815713638 0.00290441042015477 0 0 0.00147104750784319 0.00147104750784319 0.00112067320656834 0.00207505829919977
"270" 0.0107682238467164 0.00195182255951204 0.00283592836549185 0.000574485517303177 0.000574485517303177 0.000333895295793026 0.000333895295793026 0.000464561537848601 0.000291321132228888
"271" 0.00458049483887338 0.000944106648776996 0.00270348093334101 0 0 0.000185576568098841 0.000185576568098841 0.000156367173714114 0.0015532108595123
"272" 0.00559765641454751 0.00243239959042023 0.00337224588717361 0.00922652319192178 0.00922652319192178 0.00123243463008942 0.00123243463008942 0.00478829132168281 0.00218491225137098
"273" 0.00482567435061803 0.00390763713300387 0.00719104113436273 0.00267978581828348 0.00267978581828348 0.00327752737165453 0.00327752737165453 0.00193070107267112 0.00403971442042176
"274" 0.00523835449142818 0.00378314305742102 0.00269284187036673 0 0 0.00052429341655877 0.00052429341655877 0.00559918298507073 0.00151869532749212
"275" 0.00328220600823824 0.00146281791341543 0.00231529261660754 0.000107165280768576 0.000107165280768576 0.000255799675888569 0.000255799675888569 0.000206730355250568 0.000346515483961237
"276" 0.00523258347932108 0.00389506047610377 0.00308093806449469 0.00206160796119216 0.00206160796119216 0.000612656721325132 0.000612656721325132 0.00101302632958947 0.0078457804004357
"277" 0.00339914316480134 0.0016695656952835 0.00404248884625626 0 0 0.000350805170052301 0.000350805170052301 0.000237791161905521 0.018559271259907
"278" 0.0115255432378332 0.000208611407748027 0.00705703423515146 1.07367193179256e-05 1.07367193179256e-05 4.43355565520565e-05 4.43355565520565e-05 0.000133983378428661 0.0132040301255955
"279" 0.00549374321567305 0.00380835661700174 0.00387908416947518 0 0 0.00201290856177539 0.00201290856177539 0.000896079961046101 0.00876061870393482
"280" 0.00525433008179265 0.00410751586831693 0.00348161007665084 0.0373624078602763 0.0373624078602763 0.00257348017375649 0.00257348017375649 0.00314160303081478 0.00190545708213313
"281" 0.0054041820611731 0.00212924718821421 0.00386357675710674 0 0 0.000691238032838775 0.000691238032838775 0.000367706422097943 0.000718513973624288
"282" 0.00539686707281754 0.00669213561147324 0.00326096510838144 0.00556733006979765 0.00556733006979765 0.000946685193483017 0.000946685193483017 0.000269269444465551 0.00430774244468734
"283" 0.00531086457844346 0.0058629519256208 0.00316595390459599 0.0316350128934684 0.0316350128934684 0.00101070518689243 0.00101070518689243 0.00622767943958132 0.0025431348941521
"284" 0.00596244078555588 0.00734464454424658 0.00346700379357179 0 0 0.00731777026262695 0.00731777026262695 0.0237040587524657 0.00899795476538915
"285" 0.00421583857134318 0.00306761143004783 0.00310449846376145 0 0 0.00121856478981748 0.00121856478981748 0 0.00394659253934888
"286" 0.00505777548423443 0.00353726117668093 0.00315604762271914 0.000550524932563879 0.000550524932563879 0.00159867017219542 0.00159867017219542 0.0011202384492948 0.00164471809060193
"287" 0.00444277207371959 0.00412741489963252 0.00237326336219497 0.00174588528234075 0.00174588528234075 0.00286058658743828 0.00286058658743828 0.00493764875182096 0.000579724418849397
"288" 0.00269863663590101 0.00137698524412164 0.00255312279556053 0.000192950667733721 0.000192950667733721 0.000260796354879643 0.000260796354879643 0.000467056632535909 0.00143743696352639
"289" 0.00543146601517339 0.00497607425020026 0.00423164433247687 0.000494701723821758 0.000494701723821758 0.00099678146470603 0.00099678146470603 0.00185408703127995 0.00481811836391377
"290" 0.00462889833517749 0.00207655573094915 0.00364967810456377 0.000138930288382071 0.000138930288382071 0.00063009744962499 0.00063009744962499 0.000322201384511473 0.000317576430470085
"291" 0.00521958482072812 0.00395645479934043 0.0042826747585888 0.0007855730035546 0.0007855730035546 0.00240823271905466 0.00240823271905466 0.00175652707928544 0.00217911968090078
"292" 0.00501070279097903 0.00573027974750162 0.00301577805208344 0.0107584697913722 0.0107584697913722 0.000489989235555994 0.000489989235555994 0.00106042649536052 0.000983677638249439
"293" 0.00518493426864636 0.00445042032790263 0.00339844948923884 0.0179075607941693 0.0179075607941693 0.0142601346013629 0.0142601346013629 0.0103124272222864 0.00986239126215208
"294" 0.00527376889790925 0.00406330244025705 0.00344952475621409 0 0 0.00286019299764528 0.00286019299764528 0.00118658848106397 0.00339339735856102
"295" 0.0102583501459508 0.00980741922218434 0.00185712394786422 4.99402235901911e-06 4.99402235901911e-06 6.09319442787943e-05 6.09319442787943e-05 0.000514837444194721 9.77252163577909e-06
"296" 0.00524442191085062 0.00372746485365919 0.00491893358225729 0.00801095262437049 0.00801095262437049 0.000507417789321334 0.000507417789321334 0.000753596547381078 0.00157994924694642
"297" 0.00834956043599876 0.00691972688067659 0.00321918043279831 0.00313561888002334 0.00313561888002334 0.000548352336924937 0.000548352336924937 0.00119298737532282 0.00901817382914042
"298" 0.0454131350648775 0.020482622508184 0.0307474543323096 0 0 0 0 0 0.0282022250882867
"299" 0.00247058550374218 0.0011761355354774 0.00248934713450291 0.000130995599834479 0.000130995599834479 0.000173723229940915 0.000173723229940915 0.000279161797867819 0.000737660538277092
"300" 0.00524016887457865 0.00429732425372144 0.00399668964824706 0.00105733818125612 0.00105733818125612 0.00194208765044529 0.00194208765044529 0.00164134763092539 0.00237914647877158
"301" 0.00299728128151569 0.0131092827831444 0.00257834243008567 0.000181586853461504 0.000181586853461504 0.000257581502922291 0.000257581502922291 0.000498663894486715 0.000466485509121536
"302" 0.0052234136697054 0.00379367159781717 0.0026954281247339 0.000591876866816333 0.000591876866816333 0.00259065859740234 0.00259065859740234 0.00120827654649529 0.00252070591303881
"303" 0.00527285684228647 0.00388548646082953 0.00335229554667066 0.000675411778338194 0.000675411778338194 0.00109107992510786 0.00109107992510786 0.00155458404933523 0.00279232311561956
"304" 0.00502608555377554 0.0066172051543923 0.00583528099670644 0.0331167951022461 0.0331167951022461 0.00265031549092957 0.00265031549092957 0.00135472414035583 0.0031394693775735
"305" 0.00155814885770936 0.000988954314837968 0.00186770268940896 2.08224662947206e-05 2.08224662947206e-05 0.00020264935494879 0.00020264935494879 0.000203204926721343 0.0123676793553271
"306" 0.00524141628924984 0.0228600910291973 0.013505607915611 0.00667981725029625 0.00667981725029625 0.00354616638870981 0.00354616638870981 0.00127217848606961 0.00276863059216956
"307" 0.0031892177059823 0.0116435355339755 0.00254848601042777 0.000472646905067773 0.000472646905067773 0.000302654287335371 0.000302654287335371 0.000350302460332683 0.00190453913664275
"308" 0.00516527888580496 0.00357598568217699 0.00346812488622255 0.00645427746351879 0.00645427746351879 0.00181574526672915 0.00181574526672915 0.00131747320453292 0.00170503841061995
"309" 0.00330555527076552 0.001941437677558 0.00237804479646876 6.76061155577463e-05 6.76061155577463e-05 0.000283385236881696 0.000283385236881696 0.000371346088459042 0.000652281055573383
"310" 0.00537418057379954 0.00404489095580988 0.00338663765388525 0.000250299694685423 0.000250299694685423 0.000717905016710739 0.000717905016710739 0.00958509911686039 0.00608766994611434
"311" 0.00363340409699646 0.0035631446939552 0.00298566674308538 0.00125923047756477 0.00125923047756477 0.00332119347699266 0.00332119347699266 0.0003786011700886 0.000776529462133776
"312" 0.00737897237373741 0.0117599322885715 0.00343214724307395 4.61890579628515e-05 4.61890579628515e-05 0.000608336815607442 0.000608336815607442 0.000425748592025603 0.000542005696246825
"313" 0.00244396596647926 0.00502718808313022 0.00265078839805761 0.00301072120451994 0.00301072120451994 0 0 0.010113459269141 0.0015937168542923
"314" 0.00888898897387701 0.0130494221987886 0.00330654706133441 6.11009238666699e-05 6.11009238666699e-05 0.00050159253284686 0.00050159253284686 0.00180655295674928 0.000613762848354853
"315" 0.00527627844103083 0.00520035550709598 0.00412215968046107 0.0206597625210269 0.0206597625210269 0.000901825217636008 0.000901825217636008 0.00165898313187893 0.00466343469508247
"316" 0.00509308687013429 0.00462089071980551 0.00311218671074861 0.0165832103642672 0.0165832103642672 0.00149146307068006 0.00149146307068006 0.00467828862509637 0.00321951883211245
"317" 0.00613144298666471 0.00489537027732813 0.00443034102315073 0 0 0.00047909110772236 0.00047909110772236 0.000608461327206082 0.0119416596521266
"318" 0.00320588617038015 0.00227025004899723 0.0113812249594427 0.00207565244606824 0.00207565244606824 0.000770879106486522 0.000770879106486522 0.000404425903620191 0.000971159228554518
"319" 0.00519532416831909 0.00397697840416068 0.00402233853240157 0.000156058400761425 0.000156058400761425 0.00184983042031048 0.00184983042031048 0.00131511431532119 0.00162810831438666
"320" 0.00172986193142138 0.000849198027689175 0.00158076318961553 6.21089148214855e-05 6.21089148214855e-05 0.000109227006326696 0.000109227006326696 0.000177670240857422 0.000652796752761524
"321" 0.00214517866792414 0.00112279894008304 0.00198143365252092 1.70573529688741e-05 1.70573529688741e-05 0.00012918976420007 0.00012918976420007 9.9364468286493e-05 0.000180520778200878
"322" 0.00519127119611953 0.003663756589111 0.0041902482888859 0.00578053541094271 0.00578053541094271 0.00167189326450306 0.00167189326450306 0.00192401818930477 0.00178629800380386
"323" 0.00592534655995551 0.00493685514907787 0.0034153664772005 0.00130527888023258 0.00130527888023258 0.000603022709739165 0.000603022709739165 0.000611554085636459 0.00980849994607445
"324" 0.00158765773351503 0.000822075093201037 0.00204857208842582 0 0 0.00014570560126045 0.00014570560126045 9.52592285337866e-05 0.000944387688724576
"325" 0.00523809808006001 0.00381801295717495 0.0026737245988527 0.000318578255209036 0.000318578255209036 0.000536592099794844 0.000536592099794844 0.00322780301658546 0.00456327503311843
"326" 0.00517288419049113 0.00362660522535663 0.00276714366746515 0.000606610624778291 0.000606610624778291 0.000840553038644399 0.000840553038644399 0.00328913867315959 0.00549838815274061
"327" 0.00580459400053155 0.00357875302694945 0.00344337945043277 0 0 0.000987498244413289 0.000987498244413289 0.000483263051093934 0.000802670469719057
"328" 0.0057228384317275 0.00664799381154228 0.00355605131804394 0.00258301666463997 0.00258301666463997 0.00350892924328439 0.00350892924328439 0.00371836811460911 0.00365973014318195
"329" 0.00521840899846553 0.00372937761038266 0.00276044982874647 0.0207794780403376 0.0207794780403376 0.000636447364416636 0.000636447364416636 0.00115379670743825 0.00214856840054233
"330" 0.00517337517029369 0.00537987925633155 0.00332470177440578 0.00488549250497471 0.00488549250497471 0.00503509081975492 0.00503509081975492 0.00501492112694106 0.00357210425367282
"331" 0.00198658821557679 0.00110559911702934 0.00193161736080082 0.000225622822237814 0.000225622822237814 0.000347163569095364 0.000347163569095364 0.000343173047977706 0.00065529421243095
"332" 0.00477355705349652 0.00342356093387944 0.00373039447179061 0 0 0.000886626549602534 0.000886626549602534 0.000616971684631762 0.000785140550867471
"333" 0.00578321959879753 0.00421292499712502 0.00626154632782426 0.00264716493675274 0.00264716493675274 0.00407167655759288 0.00407167655759288 0.00112653606189366 0.00170292776892559
"334" 0.00344057679892076 0.00496267486889335 0.00330053617547026 0.00273412369340195 0.00273412369340195 0.000199796509105824 0.000199796509105824 0.00128595785718042 0.00259721228398602
"335" 0.000974748260664681 0.000425532210596559 0.00143621489443069 2.17074064332339e-05 2.17074064332339e-05 4.99993613727485e-05 4.99993613727485e-05 0.000155689640478441 0.000103629281896667
"336" 0.00547604962739189 0.00126303535865689 0.00283175479730906 0.018480088682568 0.018480088682568 0.000711909370671952 0.000711909370671952 0.000228557423047026 0.000299799327420187
"337" 0.00826638829446325 0.00332927066192546 0.00343832343227875 1.4959290367345e-05 1.4959290367345e-05 0.000235145504754592 0.000235145504754592 0.0001548951460087 0.00633401402767735
"338" 0.0117693592646427 0.010732174985827 0.00447566338899229 0.0357087365089081 0.0357087365089081 0.000766865589347821 0.000766865589347821 0.000387898770096157 0.0154579145482093
"339" 0.00504726813123574 0.0036899653826651 0.00348631743348087 0.0109008676350416 0.0109008676350416 0.0017682999923494 0.0017682999923494 0.00222466519459152 0.00242089701160488
"340" 0.00494242618862139 0.00502331290256616 0.00335981876036553 0.0140345998634592 0.0140345998634592 0.00189102466920341 0.00189102466920341 0.00350975775420211 0.0114160035765136
"341" 0.00533902496137059 0.00394703878959953 0.00300064238545901 0.00118330525329788 0.00118330525329788 0.000851939814266869 0.000851939814266869 0.00186801501451337 0.0106142256308179
"342" 0.00222013880333303 0.00106984184803486 0.00212877205912551 1.75299008402605e-05 1.75299008402605e-05 0.000122566868570558 0.000122566868570558 8.35769911063842e-05 0.000149307400094036
"343" 0.00578261386203651 0.00434156976930452 0.00368348182371276 0.000157290598041803 0.000157290598041803 0.00169378760786617 0.00169378760786617 0.00551014444688875 0.0089025894078147
"344" 0.0050433706929367 0.00348866306352904 0.00367070828005663 0 0 0.00110696694713982 0.00110696694713982 0.00631862561835688 0.000717530220313088
"345" 0.00530004658210366 0.0040097007582283 0.00293384950795427 0.000713531300000338 0.000713531300000338 0.00135296603586306 0.00135296603586306 0.00150509569821578 0.00273793742674447
"346" 0.00544695724228254 0.00381923540855563 0.00264292133725418 0.000790454756950151 0.000790454756950151 0.000519070985288855 0.000519070985288855 0.00162116525811259 0.00338319512017938
"347" 0.0076656463702409 0.000955113015838152 0.00519328410678028 1.25117480786283e-05 1.25117480786283e-05 0.000168545841387238 0.000168545841387238 0.000112830990653426 0.00382981008535894
"348" 0.0067145792432977 0.00451828210407692 0.00263200233716155 0.000127358880082843 0.000127358880082843 0.000431607107169069 0.000431607107169069 0.000639940540132028 0.00436245473977882
"349" 0.00529942104594573 0.00407815935057707 0.00299377530025076 0.0124680964399963 0.0124680964399963 0.00159713858215811 0.00159713858215811 0.00153027845402603 0.00235240905792371
"350" 0.00576757763254419 0.00592045213909047 0.0032995136898193 0.0238563711032957 0.0238563711032957 0.0183759006616051 0.0183759006616051 0.0109393645446047 0.0154555151844098
"351" 0.00556334033642033 0.00982449647008624 0.00345089796188161 1.38410521517405e-05 1.38410521517405e-05 0.000444394307594238 0.000444394307594238 0.000334947598816908 0.0348601400450947
"352" 0.00750326012018121 0.00610688163938387 0.00548826640769455 0.00324480731036603 0.00324480731036603 0.00155678663249841 0.00155678663249841 0.00456249583534518 0.00711088953662901
"353" 0.00570334243812768 0.00362526277741038 0.00283511024863692 0.000812589915854215 0.000812589915854215 0.000622860602302807 0.000622860602302807 0.00236471824447937 0.00913214644894013
"354" 0.00485579736260239 0.00336500019457902 0.00369307845457799 0.0381827168869186 0.0381827168869186 0.00185207906997316 0.00185207906997316 0.000996941930399737 0.00176181817722047
"355" 0.00527706051833152 0.00407010481684315 0.00328182911393624 0.000879820967927298 0.000879820967927298 0.00107295551469095 0.00107295551469095 0.001427458507425 0.00288177452613458
"356" 0.00975246039904174 0.000203894282193637 0.00183578104985387 0.0196958651425454 0.0196958651425454 0.0179028236755923 0.0179028236755923 9.04158869158507e-06 3.82769067397031e-06
"357" 0.00532127701844284 0.00639843205561753 0.0037218950522224 0.0151191441573702 0.0151191441573702 0.00208624990444307 0.00208624990444307 0.0145058052918181 0.00589903329275898
"358" 0.00357915371101266 0.00236366187133234 0.00258930081452712 0 0 0.000262391536438446 0.000262391536438446 0.000304932890624257 0.0033203676214337
"359" 0.0037159247674516 0.00208088443498462 0.00336941111990929 0.0050092814738186 0.0050092814738186 0.000906727284123443 0.000906727284123443 0.000226860613602742 0
"360" 0.0223004424410704 0.00964427512675459 0.00467457905200493 5.89319589604094e-06 5.89319589604094e-06 0.000284294118575298 0.000284294118575298 0.00240529378066077 0.0312162789747687
"361" 0.00493387712700425 0.0041304558070628 0.00367862617264838 0.000623658569861975 0.000623658569861975 0.000741095722948385 0.000741095722948385 0.00104942181205292 0.00157983363013555
"362" 0.00504598010325178 0.00463315975351932 0.00422751072496966 0.000196558303719408 0.000196558303719408 0.0045501353305555 0.0045501353305555 0.00100124964074447 0.00401430738713339
"363" 0.00561505064835876 0.00561185435165767 0.00348951376472994 0.0022440001928934 0.0022440001928934 0.000915558510067092 0.000915558510067092 0.0012925849207821 0.00688070608202039
"364" 0.00183186123757879 0.000960064773923073 0.00161490112471728 1.75670635486781e-05 1.75670635486781e-05 0.000120613359154558 0.000120613359154558 0.000114644203396219 0.0213319180182281
"365" 0.00346031084724478 0.00203274899459115 0.003164330396255 0.000104207205540541 0.000104207205540541 0.000340006390971777 0.000340006390971777 0.00055414343116017 0.000785830441247847
"366" 0.00466493980540053 0.00306845078888578 0.00368774335023534 0.000116181191217334 0.000116181191217334 0.000426168416991746 0.000426168416991746 0.0005895141325942 0.00190541603808902
"367" 0.00405472451692531 0.0030867383984422 0.00280994427828131 0.00098845144409745 0.00098845144409745 0.00145357691598273 0.00145357691598273 0.0015538590377377 0.0229386770459646
"368" 0.00740238807062837 0.00231317905587998 0.00290617534772747 3.61643940591977e-05 3.61643940591977e-05 0.000294591738690673 0.000294591738690673 0.00119102441685398 0.000398788539365444
"369" 0.00520828728829947 0.00324758031242274 0.00235126375554848 0.000404875287216686 0.000404875287216686 0.000990343162817625 0.000990343162817625 0.00135989488370818 0.00161486428685257
"370" 0.00184322082065371 0.0012442516466844 0.0018115130090475 1.70381073997962e-05 1.70381073997962e-05 0.0002171237394404 0.0002171237394404 0.00061495586062568 0.0287866886896573
"371" 0.00423310086680715 0.00241192822410025 0.00236548106185524 0.000370018594789955 0.000370018594789955 0.000666426772330562 0.000666426772330562 0.000731059598348061 0.000908969578900414
"372" 0.00144402634668316 0.0105571398428803 0.001357210042505 0.000430442783525816 0.000430442783525816 7.08713577268459e-05 7.08713577268459e-05 5.66175792795778e-05 5.84873031211193e-05
"373" 0.00763544662257232 0.00909551619708597 0.00332433417686951 2.45830499690288e-05 2.45830499690288e-05 0.00167111456638805 0.00167111456638805 0.00315523269523492 0.011072354065365
"374" 0.00255114004706398 0.00121370081685686 0.00218142347648324 2.76437644485362e-05 2.76437644485362e-05 0.000163920203444716 0.000163920203444716 0.000130405764923213 0.000232138842206891
"375" 0.00469584730714023 0.00191322963220654 0.00285872279933285 0.000190335623889498 0.000190335623889498 0.000852636070149882 0.000852636070149882 0.00155698544930345 0.000726438933820497
"376" 0.00259189551098063 0.00141720987648906 0.00209752003638706 3.0040216190479e-05 3.0040216190479e-05 0.000171222158476845 0.000171222158476845 0.000152192121707131 0.000905259118280691
"377" 0.00863160687174202 0.00651741167893946 0.00557030628194541 0.00282082060145509 0.00282082060145509 0.000401657900874754 0.000401657900874754 0.00247045739093302 0.00540037193409022
"378" 0.00294692087909712 0.00183857824911502 0.00248821129623813 0.000400473922339074 0.000400473922339074 0.000610798630564221 0.000610798630564221 0.000643662134341237 0.0264259033236677
"379" 0.00173345243058338 0.00148754363886631 0.00174347469428644 0.000152599793491786 0.000152599793491786 0.000266597589138267 0.000266597589138267 0.000275284086449713 0.000405416121916338
"380" 0.00641956295848751 0.00466035540338271 0.00387314352704697 0.00119646955351188 0.00119646955351188 0.000914227168212447 0.000914227168212447 0.002252525795154 0.00448227361939797
"381" 0.00274636699021892 0.0108766380732862 0.0023551087886442 0.000125758940667376 0.000125758940667376 0.000700294996420606 0.000700294996420606 0.00153235914983881 0.00061238766812963
"382" 0.00445990969457537 0.00271853098554903 0.00268276404239309 1.97938747756624e-05 1.97938747756624e-05 0.000359727601222499 0.000359727601222499 0.000377640441931394 0.000619148154528087
"383" 0.0184818653077507 0.0133730544789509 0.00402756825730572 1.97755512035751e-05 1.97755512035751e-05 0.00131075522682888 0.00131075522682888 0.00328318985951029 0.00174304606738955
"384" 0.00205169112294859 0.00178718182125505 0.00192273926126376 0.000789330187137857 0.000789330187137857 0.000394305616007037 0.000394305616007037 0.00123010231645265 0.00202923022555791
"385" 0.00231282889863766 0.00117479704402609 0.00268695850707548 0.000420812199589579 0.000420812199589579 8.84386737580867e-05 8.84386737580867e-05 0.000192314644039084 0.00059079138250052
"386" 0.00296933740962175 0.0144303046394303 0.00506638984215209 0.0679554066098243 0.0679554066098243 0.0011409721329401 0.0011409721329401 0.000649423780571541 0.017150880074438
"387" 0.00516666636925425 0.00408822150517764 0.00561983949619637 0.00878443069539197 0.00878443069539197 0.0022477559650764 0.0022477559650764 0.00456385258960101 0.00340595515366299
"388" 0.0386741515198408 0.00183332246369742 0.00327093356402368 0.00190581244236958 0.00190581244236958 0.00117312050931649 0.00117312050931649 0.0355471782864182 0.0377485478975287
"389" 0.0037708494944831 0.00322097212234961 0.002584262216517 0.000349529314230148 0.000349529314230148 0.000871617706321051 0.000871617706321051 0.000318777456223675 0.000509621710924115
"390" 0.00303615327286048 0.0142488509508424 0.00471525077876388 0.0449520122179236 0.0449520122179236 0.0010276620364013 0.0010276620364013 0.000457305161311694 0.000430856204213889
"391" 0.00366438690713818 0.00218212425863202 0.00292172696081588 0.000393850630547292 0.000393850630547292 0.000219535161377178 0.000219535161377178 0.000326648485923276 0.000296186933508894
"392" 0.000926680848700733 0.000418827466726651 0.00150795512577666 4.73371552009768e-05 4.73371552009768e-05 3.60350098155186e-05 3.60350098155186e-05 1.44708707525275e-05 4.05911628059888e-05
"393" 0.0013479470058641 0.00200929005717244 0.00232076841179085 0 0 0.00296814044735463 0.00296814044735463 0.00011565947821752 1.05121755936786e-05
"394" 0.000475417743506651 0.0153915278671597 0.00166884327953216 9.62387122137054e-06 9.62387122137054e-06 4.65199432651314e-05 4.65199432651314e-05 0.0103512417693676 3.66716364754205e-05
"395" 0.00215106764500786 0.00110925567617068 0.00195264903607889 1.35587491849912e-05 1.35587491849912e-05 0.000128190754667044 0.000128190754667044 0.000102275563303875 0.000177953040996802
"396" 0.00486424830854433 0.00355822232337046 0.00330804923327973 0.0182504205038391 0.0182504205038391 0.00197524654380976 0.00197524654380976 0.00120217524563472 0.00343550530423106
"397" 0.00347186914349845 0.0161116702692682 0.00303641997961032 0.000801636056784473 0.000801636056784473 0.000459730752563388 0.000459730752563388 0.00023950879995804 0.000495840674743619
"398" 0.00523527304936727 0.00393970727244072 0.00397463282025872 0.000440167924212751 0.000440167924212751 0.00130736651732572 0.00130736651732572 0.00882748806415738 0.000984326642829272
"399" 0.00523681876652709 0.00871379437633243 0.00320158210976131 0.00232820942842069 0.00232820942842069 0.000650635958206549 0.000650635958206549 0.000269174887117013 0.00859977948291877
"400" 0.00595859107133514 0.0111644938554728 0.00299284884789458 0.00114333516870568 0.00114333516870568 0.0089077839141017 0.0089077839141017 0.00108404886575285 0.0035484602357196
"401" 0.00374606514450218 0.00274123520917747 0.00244755951965758 0.000282248485163219 0.000282248485163219 0.00051524410485992 0.00051524410485992 0.000485587279775893 0.00193173509320573
"402" 0.00525182003211793 0.00448944620877326 0.00317705991508612 0.00132413457827059 0.00132413457827059 0.00140006988233121 0.00140006988233121 0.000616366156048793 0.0109743253967077
"403" 0.00701043995406395 0.00659877430711432 0.00451491218337301 0.000769154574753583 0.000769154574753583 0.00126262180256286 0.00126262180256286 0.00160547777903022 0.00278746408673067
"404" 0.00502318064860382 0.00596563886890649 0.00281068075299356 0.000363947330956515 0.000363947330956515 0.000535830924589442 0.000535830924589442 0.00250586503653209 0.00170220752925911
"405" 0.00474608977146011 0.00311240883329985 0.00262351173255434 0.000162145196163795 0.000162145196163795 0.00120383114482931 0.00120383114482931 0.000992867522473683 0.00137191653722837
"406" 0.00756759578795831 0.00112143949948529 0.00230258073758296 9.43815538330052e-06 9.43815538330052e-06 0.000157825172008585 0.000157825172008585 0.000103410207435141 0.0121678538696339
"407" 0.00616664655653995 0.00234614069954783 0.00272447079855813 8.86839673362954e-05 8.86839673362954e-05 0.000301319937505955 0.000301319937505955 0.000300772736259222 0.000515311336824397
"408" 0.00265154706995606 0.00475153630218777 0.00239374333673425 8.92269688612247e-06 8.92269688612247e-06 0.000321654554450307 0.000321654554450307 0.00272388361068217 0.000140713916363927
"409" 0.00492145656776772 0.00193664505609493 0.00473357247784422 0 0 0.000170913318431829 0.000170913318431829 8.16515910997589e-05 0.00226683336039248
"410" 0.00526694723555279 0.00365218318474638 0.00255652179312751 0.000530459752785904 0.000530459752785904 0.000851205542562234 0.000851205542562234 0.00143511535042699 0.00240649547749252
"411" 0.00480865531957697 0.00321207407545292 0.00384868591631572 0 0 0.000986335736708432 0.000986335736708432 0.00042108152438367 0.000384207383312154
"412" 0.00268673895850687 0.00173769527040242 0.00223754710475244 9.80674700453837e-05 9.80674700453837e-05 0.000249654152620736 0.000249654152620736 0.000290617499106129 0.000603244871439045
"413" 0.00508019843847787 0.00355746967496578 0.00362714759085521 0.000337110661476157 0.000337110661476157 0.00119921122252289 0.00119921122252289 0.000985210144927473 0.00146283786915204
"414" 0.00528017565464435 0.00409641074423922 0.00350745931576869 0.000284293727378169 0.000284293727378169 0.00171944096020176 0.00171944096020176 0.00160946330022887 0.00258588468867109
"415" 0.00357282093796226 0.00186411262164852 0.00360066947851894 0.00328132943618565 0.00328132943618565 0.000520841752012902 0.000520841752012902 0.000245291153059972 0.000201528454455697
"416" 0.0059720953212461 0.00381470375555955 0.00399409549741349 0 0 0.00101955077596504 0.00101955077596504 0.000831486522123706 0.000927247986632233
"417" 0.00511529253487666 0.00363077613981378 0.00293970730325358 0.0322289075033342 0.0322289075033342 0.00696045490580517 0.00696045490580517 0.00386805321441121 0.0012847810157021
"418" 0.00653561898530319 0.00525806021556787 0.00535680395931894 0.000202637465704559 0.000202637465704559 0.0012761636738082 0.0012761636738082 0.0051992276873551 0.0159599304912098
"419" 0.0300825869939774 0.0182570579918362 0.0105347056318152 0 0 0.000131159808091307 0.000131159808091307 5.01913817869719e-05 0.0134703896742724
"420" 0.00257158667800958 0.00132455188099703 0.00216017737581193 8.19876861271288e-06 8.19876861271288e-06 0.000145352471818154 0.000145352471818154 0.000112119270474731 0.00144084622471196
"421" 0.0212045987334952 0.00167276115839071 0.00259993705863236 0.0003645000510785 0.0003645000510785 0.000238902954406471 0.000238902954406471 7.55392817244023e-05 0.000691448553553247
"422" 0.0051344293822136 0.00351997581422824 0.00363816445262844 0.000411183136501268 0.000411183136501268 0.000456980999603016 0.000456980999603016 0.00135557199534391 0.00202707872465093
"423" 0.0108039812391605 0.00187127984760279 0.00295080614106971 0.00389176307658714 0.00389176307658714 0.00017223208433378 0.00017223208433378 0 0.000558927965811589
"424" 0.0136066784165012 0.0108509120227326 0.00864336726620228 0.00530178793372428 0.00530178793372428 0.00188936228914535 0.00188936228914535 0.00669272903704745 0.0139353655203416
"425" 0.0052690967588825 0.00388419019893052 0.00272207889723717 0.000854229279582867 0.000854229279582867 0.00104595537761948 0.00104595537761948 0.00178020286158211 0.00302877525744442
"426" 0.00445679595144349 0.00346464115530334 0.00410623451568575 0.000186400604946963 0.000186400604946963 0.000529478717164709 0.000529478717164709 0.000475802558362629 0.00630695862319808
"427" 0.00486909281798408 0.00412522155275661 0.00330058027349031 0.00179460650932932 0.00179460650932932 0.00269639666690264 0.00269639666690264 0.00754974651724221 0.00600041031678196
"428" 0.00750359983719252 0.00338266161382386 0.00262511853063523 0.000149010530179089 0.000149010530179089 0.00076286591855948 0.00076286591855948 0.00066040760953902 0.00130506957476342
"429" 0.00728816339286697 0.00512648944863238 0.00293162244818134 0.000582020879450211 0.000582020879450211 0.000472362971704079 0.000472362971704079 0.00150748131603555 0.00143312223454442
"430" 0.00377775131983701 0.00336390407351121 0.00331490221378359 0.00144130194425599 0.00144130194425599 0.000535720902896326 0.000535720902896326 0.0110647339384836 0.0025361512966181
"431" 0.00483904416324687 0.00337534956741192 0.00324504324650155 0.0011218162563132 0.0011218162563132 0.00252347710271986 0.00252347710271986 0.00138901014070316 0.00152778521286525
"432" 0.00473914219615757 0.0020906361458504 0.00276723454664747 0.000816078185076825 0.000816078185076825 0.0003600723773595 0.0003600723773595 0.0025283285974883 0.00197160496707225
"433" 0.0116626850478383 0.00873050146310131 0.00262944353655762 0.00565058940174587 0.00565058940174587 0.000496363567782878 0.000496363567782878 0.000736355531465571 0.0014296017498932
"434" 0.00664397631063201 0.0110177216726034 0.00361587598910182 0.0329860796607975 0.0329860796607975 0.0134127716085826 0.0134127716085826 0.0100528323600535 0.0176461417968751
"435" 0.00206760998707608 0.00129773031624578 0.00198887494755874 4.45231397363203e-05 4.45231397363203e-05 0.000356378622812567 0.000356378622812567 0.000213495906154323 0.000354809345745267
"436" 0.0020767712781669 0.00115869899263371 0.00210286226159281 4.31415336083588e-05 4.31415336083588e-05 0.000333121733869316 0.000333121733869316 0.000244013862791529 0.000426191188029169
"437" 0.00265097571842981 0.00155665290691646 0.00294016445519371 0.0509788705935323 0.0509788705935323 0.000869403186488001 0.000869403186488001 0.000329401279871857 0.000472771162135048
"438" 0.00640084854879265 0.00423839056518902 0.00311609043294205 0.00433550280475568 0.00433550280475568 0.00227624804001357 0.00227624804001357 0.00711144033489661 0.00329053732871567
"439" 0.00417891118902715 0.00260179762473791 0.00365206234333501 0.026540241538956 0.026540241538956 0.00127160509666897 0.00127160509666897 0.00045454696485463 0.000585871116287005
"440" 0.00598613883027471 0.00655051713097454 0.00304858005576967 0.00763733638208215 0.00763733638208215 0.00487134279944564 0.00487134279944564 0.00494832299742023 0.000701548235200549
"441" 0.00418694580436586 0.00255603456511236 0.00313505395572676 0.000408723296667062 0.000408723296667062 0.000268362872384457 0.000268362872384457 0.000316241418439426 0.000361040589590008
"442" 0.0208878442071538 0.00163314118500018 0.00230290690242693 1.45161176881569e-05 1.45161176881569e-05 0.000200093071641495 0.000200093071641495 0.0010826980138201 0.00183693806106654
"443" 0.00520917969677976 0.00941298966138396 0.00307644198147308 0.00304266202641913 0.00304266202641913 0.00101689388348506 0.00101689388348506 0.0014768789649225 0.0502510323522233
"444" 0.00563440732969037 0.00515367264402856 0.0035604370552336 4.13553107108273e-05 4.13553107108273e-05 0.00054910333240375 0.00054910333240375 0.000304117194088087 0.00084293853982293
"445" 0.00517812135576705 0.00474765474664064 0.00362752447668513 0.0309626510812441 0.0309626510812441 0.00180052135300197 0.00180052135300197 0.00642562213855029 0.00587575142309882
"446" 0.00529453151864192 0.0050798831124364 0.00438024027051449 0.0180477532732383 0.0180477532732383 0.000991080529436891 0.000991080529436891 0.00137101672433727 0.00188844941770869
"447" 0.00581683171057331 0.00400458709219221 0.00609513938662837 2.38741631995043e-05 2.38741631995043e-05 0.00187215096818611 0.00187215096818611 0.00159288657746272 0.00611621224505121
"448" 0.00518808561568787 0.00338473411395359 0.00380265573042611 0.00522723598633184 0.00522723598633184 0.00120596965638613 0.00120596965638613 0.00105828283925122 0.000954196196094779
"449" 0.00190197099942152 0.000994151540990127 0.00196574872017728 2.70108427350909e-05 2.70108427350909e-05 0.000105512321250815 0.000105512321250815 7.1510373219144e-05 0.000135570724296734
"450" 0.00525383490490099 0.00381908325246434 0.00381400470727019 0.0213935926263633 0.0213935926263633 0.00247561801228065 0.00247561801228065 0.00556531586732872 0.00302947260802985
"451" 0.00573459254453448 0.00375847446581135 0.00284303164459733 0.00204036513798336 0.00204036513798336 0.00345227527428619 0.00345227527428619 0.0024673005264408 0.00321009094359118
"452" 0.00285757895655264 0.00142309919428966 0.00237354366456759 0 0 0.000286150214651924 0.000286150214651924 0.000133776890812165 0.000505300908090787
"453" 0.000639674734884491 0.000407766073927504 0.00354220239482935 0.000136368734493721 0.000136368734493721 3.66948842126555e-05 3.66948842126555e-05 0.00014530291140781 0.000311586666521863
"454" 0.00150652721506817 0.000737993491916604 0.00230459927706959 1.62615724490326e-05 1.62615724490326e-05 0.000145827126231134 0.000145827126231134 8.84911693053031e-05 0.000167489682838747
"455" 0.00224837956716685 0.00119837530853129 0.00235152628640883 6.56711755172158e-06 6.56711755172158e-06 0.000145166511405214 0.000145166511405214 0.000117688936825911 0.000289179425415124
"456" 0.0111142246179029 0.00911014511073197 0.00681870158280046 0.00400815977000437 0.00400815977000437 0.00240239821121941 0.00240239821121941 0.00674167258432709 0.0121781315155147
"457" 0.00524261630547307 0.00727712915472447 0.00346906531816262 0 0 0.00137449046655375 0.00137449046655375 0.00947286597689483 0.00871869182051813
"458" 0.00635375907964762 0.00852998001955736 0.0032634883338571 0.000234275238413442 0.000234275238413442 0.000540450376236337 0.000540450376236337 0.00162224443965769 0.00689146826697643
"459" 0.00485566700292552 0.00305718996937032 0.00263256236889206 0 0 0.00039716487064641 0.00039716487064641 0.000508731119663592 0.00198939178947592
"460" 0.00330812385995026 0.00528437218038014 0.00292609418949673 5.50999075827154e-06 5.50999075827154e-06 9.84566536685362e-05 9.84566536685362e-05 5.76149309425362e-05 0.00519306925060087
"461" 0.00303851710504796 0.000613273481739888 0.00185724011134789 0.000114019650975371 0.000114019650975371 7.43351853621138e-05 7.43351853621138e-05 5.61073015876029e-05 0.00147741195858291
"462" 0.00264822823499347 0.00166849132132107 0.00709281812447059 0.000152439001154268 0.000152439001154268 0.000400459480299701 0.000400459480299701 0.000370949501518039 0.000761107036309861
"463" 0.00618574107571121 0.00514844369759876 0.00503377968589503 0.00285248167566669 0.00285248167566669 0.00120138080407534 0.00120138080407534 0.00374476278126814 0.0060516505181075
"464" 0.00562065165474819 0.00367024792128916 0.00424265410428584 0 0 0.00466639129686988 0.00466639129686988 0.014925954773036 0.011569157326559
"465" 0.00527472963105625 0.00411232415812232 0.00295435658569213 0.000680096024326942 0.000680096024326942 0.00142968173902698 0.00142968173902698 0.00147048871200186 0.00275859287992325
"466" 0.013703499792184 0.0136909882729624 0.00263365429930407 0.000791601084384454 0.000791601084384454 0.000152827085069973 0.000152827085069973 0.000469940256187582 0.0225420119715306
"467" 0.00649147285725933 0.00479945672663044 0.00514719976315135 0.00218111369930502 0.00218111369930502 0.000303521048499496 0.000303521048499496 0.00151399644612862 0.00361673559480156
"468" 0.00527588986899599 0.00518159052431409 0.0199274744594019 0.000475087072051949 0.000475087072051949 0.00229954223428361 0.00229954223428361 0.00124309899018394 0.00993019290725525
"469" 0.00171189110222181 0.0010232806979902 0.0107662962293955 4.4602624898536e-05 4.4602624898536e-05 0.000234871998060684 0.000234871998060684 0.000172815386486278 0.000358229037485397
"470" 0.0177573052785172 0.00221919680688392 0.0034363189464838 0.000874505735462409 0.000874505735462409 0.000373655947373926 0.000373655947373926 0.000314162589734965 0.000605000801024012
"471" 0.00435072227978368 0.00290498615358738 0.0041621908121918 0.000346362764462569 0.000346362764462569 0.00114705659356797 0.00114705659356797 0.000816225398483619 0.00130635382085047
"472" 0.00527303323836815 0.00339655283397026 0.00272223744973283 0.000406252103071839 0.000406252103071839 0.000447832013721309 0.000447832013721309 0.00066262314097316 0.00121673039621583
"473" 0.00479647736793207 0.00382649228531897 0.00706862361242685 0 0 0.00163994273490466 0.00163994273490466 0.000781991672731054 0.0110390229133298
"474" 0.00325808387862419 0.00191025950863772 0.0023677388204066 0.000543790268063853 0.000543790268063853 0.000310731859718851 0.000310731859718851 0.000428758190743787 0.000743470885384325
"475" 0.00367003497585219 0.002101400495664 0.00277202065561296 0.000277873637653763 0.000277873637653763 0.000313717257161447 0.000313717257161447 0.000593141674466662 0.00304425798143766
"476" 0.00405709183378765 0.00243562545759108 0.00302853027056788 0.000214063052794879 0.000214063052794879 0.000258429830720713 0.000258429830720713 0.000264958256393533 0.000932180465681337
"477" 0.0049872313233244 0.00378098569388974 0.00389563343882003 0.00616423292722964 0.00616423292722964 0.000869182213545258 0.000869182213545258 0.000695421762850427 0.0054639181621344
"478" 0.00527884397672777 0.00421418305127715 0.00329860378736222 0.000188419557945769 0.000188419557945769 0.00115739819878505 0.00115739819878505 0.00141948548736222 0.00869337651933672
"479" 0.00537602732768863 0.00375021964285769 0.00297586920173726 0.000280652770246381 0.000280652770246381 0.000571362238923071 0.000571362238923071 0.000760184074911087 0.00156165116755856
"480" 0.00464167155367339 0.00850549496277157 0.00371678272629118 0.000498302702066619 0.000498302702066619 0.000478847902668033 0.000478847902668033 0.00124437779706043 0.012215897120156
"481" 0.0060025089102793 0.00388221416723825 0.00297221714578085 0.0016121407931713 0.0016121407931713 0.00206499601876872 0.00206499601876872 0.00220271832541465 0.00250952276214825
"482" 0.0108813808224244 0.0118294788691019 0.00320953166138 0.00265933392447663 0.00265933392447663 0.000269993450301978 0.000269993450301978 0.000158933207135045 0.00234724939509323
"483" 0.00190506428753998 0.000992375949092523 0.00229385805187162 0 0 0.0214710994627367 0.0214710994627367 0.000177549658103852 0.000192598568133895
"484" 0.0101500057669191 0.00776892618381239 0.00598107864644118 0.0277108872040243 0.0277108872040243 0.000458100102082055 0.000458100102082055 0.000346587174216691 0.0164575230825541
"485" 0.0090479410359177 0.00792420182426926 0.00899658006829382 0.00598184432214854 0.00598184432214854 0.000340314580401933 0.000340314580401933 0.00432224409591313 0.00929086628872612
"486" 0.0051783408865346 0.00448559144320494 0.00474020911197798 0.0328108088270228 0.0328108088270228 0.00274444388849518 0.00274444388849518 0.0148561032019891 0.00737931595836291
"487" 0.0036931355196416 0.00202778159702754 0.00208078299429122 0.00110301632033933 0.00110301632033933 0.00126865899916822 0.00126865899916822 0.00126459060946163 0.00121669305265503
"488" 0.00560295147321421 0.00235559951714707 0.00340150074178439 0.00129613175136749 0.00129613175136749 0.000282470764890784 0.000282470764890784 0.000396733237705336 0.028734430395745
"489" 0.00495864238348983 0.00362801332143939 0.00353566132462648 0.0180979965756581 0.0180979965756581 0.00180479025106098 0.00180479025106098 0.00280268440175608 0.0024086107207243
"490" 0.00519724561335574 0.00398359547107551 0.00526320375040058 0.00108272367741678 0.00108272367741678 0.0018720173952869 0.0018720173952869 0.00321157162025182 0.0086761827967772
"491" 0.00477566751144575 0.00293364669122398 0.00412678647605529 0 0 0.000680611879493803 0.000680611879493803 0.000753415234067158 0.00533486574625748
"492" 0.005603241061373 0.00359514156395492 0.00268032290282394 0.000368264353885102 0.000368264353885102 0.000533471727246565 0.000533471727246565 0.00251861262879715 0.00300867400885883
"493" 0.00147256563282665 0.000709604111551457 0.00181707602706434 0.000181687639510087 0.000181687639510087 8.49998942328766e-05 8.49998942328766e-05 6.14292514482173e-05 9.59411964588151e-05
"494" 0.016340728598333 0 0.0109344295115884 0 0 0 0 1.07896789671111e-05 0.00990301701326226
"495" 0.0180056818327967 0.0168264609624828 0.00303788923395869 3.29507224054848e-05 3.29507224054848e-05 0.000609038712020033 0.000609038712020033 0.000542839752291878 0.0359026422518183
"496" 0.00676194150960416 0.00363742973645834 0.00378474741775562 0.000703687778265255 0.000703687778265255 0.00110851817878136 0.00110851817878136 0.00140691440833318 0.00278610710884513
"497" 0.0034514024013687 0.00207715941938158 0.00241296308113242 9.03310593187576e-05 9.03310593187576e-05 0.000266889921404048 0.000266889921404048 0.000558936534845232 0.000711019312331917
"498" 0.00543155650802313 0.00286575793855552 0.00326329642076734 0 0 0.000989696534793841 0.000989696534793841 0.00119372076300173 0.00343033032498754
"499" 0.00242547360888223 0.00207250514162554 0.00442000789931998 0.00849412248966809 0.00849412248966809 0.000483792325662625 0.000483792325662625 0.000189673392576219 0.00161378590289977
"500" 0.00255836835104254 0.00141587394768021 0.00214498812109011 1.49082150017091e-05 1.49082150017091e-05 0.000167963767394009 0.000167963767394009 0.000155251853140451 0.000280100528735284
"501" 0.00529630973235285 0.00362682550470606 0.00341953824898552 0.000164503502269605 0.000164503502269605 0.00074330506938569 0.00074330506938569 0.00107153107818041 0.00145525446248282
"502" 0.0114147837354045 0.00816793538389027 0.00692284356305507 0 0 0.000212738396421277 0.000212738396421277 0.000127159381770473 0.0110605850294929
"503" 0.00519958033882039 0.00389254852799331 0.0039201986175352 0.00020377595722596 0.00020377595722596 0.00197986483533521 0.00197986483533521 0.00779782826031129 0.0102174322820037
"504" 0.00516443589553527 0.00627788240550077 0.00491934547483296 0.00348428439632148 0.00348428439632148 0.000558223842134108 0.000558223842134108 0.00269142029716575 0.00575912135283668
"505" 0.00507880031138792 0.00367410306750151 0.00300180415627839 0.00170520894032092 0.00170520894032092 0.00188984357591726 0.00188984357591726 0.00132288163990967 0.00174730356316476
"506" 0.0049887345788171 0.00353494310763308 0.00335551975959768 0.0126323821402207 0.0126323821402207 0.0012098204172211 0.0012098204172211 0.00131087302151524 0.00147025221643153
"507" 0.0056309448367698 0.00398159548190974 0.00282177121953443 0.00252030850035955 0.00252030850035955 0.000705147863622083 0.000705147863622083 0.0008318538228903 0.00431230635054944
"508" 0.00499753961364792 0.00370444903838377 0.00282753741334742 0 0 0.000574178628090776 0.000574178628090776 0.00307363858632669 0.00103065339318626
"509" 0.00520048194863023 0.00371865491058614 0.00338961276364262 0.000151117467710438 0.000151117467710438 0.0025339152187042 0.0025339152187042 0.000902151704426339 0.00209260157557252
"510" 0.00522615270265032 0.00968296899534192 0.00263144161364363 0.0112505402003934 0.0112505402003934 0.0113806598886211 0.0113806598886211 0.00898848589515749 0.00422952633563768
"511" 0.00518062223740918 0.00379351627837184 0.00395936941177516 0.00407750776564069 0.00407750776564069 0.000967666920763303 0.000967666920763303 0.0007636112397275 0.00424542676236231
"512" 0.00384395771458671 0.00213283778439123 0.00266524973930876 0.000571959366842974 0.000571959366842974 0.000782822745780817 0.000782822745780817 0.000742123201245306 0.000825542021058182
"513" 0.00799219177355731 0.00331645926559228 0.00268123550546333 5.8575643366939e-05 5.8575643366939e-05 0.000435568593043458 0.000435568593043458 0.0018412118897562 0.00227550310373933
"514" 0.00678537307292422 0.00339172330793919 0.00493899986459116 0 0 0.00157662141535524 0.00157662141535524 0.000653675854400635 0.0244610826944877
"515" 0.00363266113522724 0.00180052968293485 0.00247037169355269 0.000181411324642608 0.000181411324642608 0.000389846729038661 0.000389846729038661 0.000394768824611965 0.00070872057947001
"516" 0.0016704027629286 0.000818426244378018 0.00183026640154584 4.93410777457229e-05 4.93410777457229e-05 9.40828333492487e-05 9.40828333492487e-05 7.16036584445012e-05 0.00012866629611144
"517" 0.00394582578923797 0.0023881516973724 0.00330668356306392 0.000199958553904767 0.000199958553904767 0.000451702112793754 0.000451702112793754 0.000442928497239692 0.00540444845315719
"518" 0.00472884362147301 0.00313835214419766 0.00262308716267772 0.000127145810783843 0.000127145810783843 0.000512743137712966 0.000512743137712966 0.000776683549512819 0.00133794918650704
"519" 0.00529753277735461 0.00462851239912213 0.00335016466974361 0.00847355964419028 0.00847355964419028 0.000972713368005267 0.000972713368005267 0.00179993894111305 0.0161149898376799
"520" 0.00166576265523274 0.000864666674240037 0.00150682976755953 3.67744816838803e-05 3.67744816838803e-05 0.000112814550259037 0.000112814550259037 0.000148967753642788 0.000128836600723508
"521" 0.00641564245494871 0.00701064276419863 0.00505158134357365 1.46645112007665e-05 1.46645112007665e-05 0.00031222813102453 0.00031222813102453 0.000245791587783176 0.00998183944640747
"522" 0.00261086225798206 0.00106915754991766 0.00266245369842756 0.00101646588655642 0.00101646588655642 0.000363715585009431 0.000363715585009431 0 0.0157721343602848
"523" 0.00503972526360392 0.00466557656713857 0.0040461698138573 0.00678556788529439 0.00678556788529439 0.000684128508775839 0.000684128508775839 0.000870173530456876 0.00151558840943642
"524" 0.00503921615837689 0.00328971417475174 0.00343993569552125 0 0 0.00119117192300813 0.00119117192300813 0.00060702383258942 0.00057304287917146
"525" 0.00484152626256164 0.0049511189736402 0.00382216460662604 0 0 0.000975138356799814 0.000975138356799814 0.000608871878860259 0.000675693374964783
"526" 0.00530439055442053 0.00403780053237842 0.00272710265214498 0.00180246884114452 0.00180246884114452 0.00121155508848005 0.00121155508848005 0.00188889450416103 0.00389933121508482
"527" 0.0052626630129482 0.00396652756371475 0.00265421688318459 0.00164000868498072 0.00164000868498072 0.0259112470380835 0.0259112470380835 0.0258751353380348 0.00367295572621962
"528" 0.0199386585079846 0.0190441351222207 0.0174666297132327 0.0208142482315957 0.0208142482315957 0.0142245301359781 0.0142245301359781 0.013567683596234 0.017802257629832
"529" 0.00522003962513443 0.00391072703387147 0.00252261830999584 0.00211585000231361 0.00211585000231361 0.0011854204393554 0.0011854204393554 0.00192922270603968 0.00388852043357746
"530" 0.0052648737875583 0.00397310135182621 0.00248429502982382 0.00223374784572031 0.00223374784572031 0.000890261488138072 0.000890261488138072 0.00175177531848232 0.00326188901994942
"531" 0.00525570920613703 0.00436688169353148 0.00265928295774688 0.00166127959420431 0.00166127959420431 0.0387554323561906 0.0387554323561906 0.00192186960656658 0.00371420174791508
"532" 0.00516082427572561 0.00388376184287906 0.00267403426359633 0.000169825987942071 0.000169825987942071 0.00121212139820207 0.00121212139820207 0.00104498800585446 0.0016388280165438
"533" 0.0126414930736606 0.0111370532384764 0.00974511900880412 0.0110307167263322 0.0110307167263322 0.0116493258837801 0.0116493258837801 0.0104617323964462 0.0109844072177648
"534" 0.00523038838143452 0.00417601245370043 0.00252616628388666 0.00238710270049613 0.00238710270049613 0.00114445423750086 0.00114445423750086 0.0014921484308872 0.00240059115105815
"535" 0.00528489136624099 0.0037451876664374 0.00247416176009146 0.00201003929203424 0.00201003929203424 0.00075565149992845 0.00075565149992845 0.00217588535886736 0.00400563101414748
"536" 0.00526237573062587 0.00421658481362624 0.00255225770253413 0.00303618088224013 0.00303618088224013 0.00235004755000041 0.00235004755000041 0.00261828045765401 0.00357189920836696
"537" 0.00430056586158271 0.0027502251169748 0.00288738183645418 0.000320505672629573 0.000320505672629573 0.000448336301448995 0.000448336301448995 0.000792090604281909 0.00154474988209616
"538" 0.00529469305305597 0.00412075982263776 0.00273697597459312 0.00154131458272366 0.00154131458272366 0.001001271925901 0.001001271925901 0.00172241476405948 0.00351212461481461
"539" 0.00221175293055908 0.00129494367961988 0.0019469183745153 3.26257654291681e-05 3.26257654291681e-05 0.000422925129323429 0.000422925129323429 0.000224438102666969 0.000353023870685297
"540" 0.00217462909150789 0.00126392332457626 0.00196096630206523 9.12570972009089e-06 9.12570972009089e-06 0.00039047062980257 0.00039047062980257 0.000164272873986155 0.000235989941131646
"541" 0.00428951293724048 0.00274874524393669 0.00262667666246718 0.000443438251936835 0.000443438251936835 0.00593983892773215 0.00593983892773215 0.0039977142060795 0.00144740360767542
"542" 0.00525536198587026 0.00386423028612423 0.00264231822259154 0.00165700660038442 0.00165700660038442 0.00097416020837875 0.00097416020837875 0.00170293808077907 0.00359343489238542
"543" 0.00528743407062771 0.00405510297602326 0.00268815556772725 0.0025821292153453 0.0025821292153453 0.000793154161995519 0.000793154161995519 0.00175678497305576 0.00358973790122668
"544" 0.00530480718524341 0.00394995563717836 0.00265802579049835 0.00147967931140711 0.00147967931140711 0.00251220474716873 0.00251220474716873 0.0035399019733363 0.00372616875009033
"545" 0.0155749456144465 0.0109929315973692 0.010360189266388 0.0128314157877664 0.0128314157877664 0.0264852623342066 0.0264852623342066 0.0266523656368835 0.0173184235198193
"546" 0.00526719455902379 0.00405173469177377 0.00273448985362877 0.0017044454480954 0.0017044454480954 0.0477352685323428 0.0477352685323428 0.00171912797557327 0.00322789377625951
"547" 0.00528300982706584 0.00395861975143572 0.00258036254126273 0.00199628018965549 0.00199628018965549 0.00111718705962559 0.00111718705962559 0.00189162711582673 0.00382962763713964
"548" 0.00862750326039058 0.00755784021732903 0.00613965520666008 0.0052452308988971 0.0052452308988971 0.00356828922929466 0.00356828922929466 0.00405100345263257 0.00630134222818467
"549" 0.00526265825171434 0.0040827167386252 0.00272827599510535 0.000692239322922547 0.000692239322922547 0.00101776131518259 0.00101776131518259 0.0015327391352393 0.00272317167826381
"550" 0.00521777342990028 0.00418101612915506 0.0026485043841887 0.000764025799913477 0.000764025799913477 0.00119903854131564 0.00119903854131564 0.00125032905094004 0.00210870871706247
"551" 0.0052871093091721 0.0040803752484267 0.0026318948667024 0.00158026195453727 0.00158026195453727 0.000751196151141575 0.000751196151141575 0.00166547949010699 0.00363136108296875
