"V1" "V2" "V3" "V4" "V5" "V6" "V7" "V8" "V9"
"1" 0.0420552511293536 0.0417589148815967 0.0450433680818474 0.0939311152763504 0.0939311152763504 0.35098468523117 0.35098468523117 0.0825691022321804 0.0447017200562598
"2" 0.014643119825684 0.0163264677028131 0.0169293220452146 0.0451065569241771 0.0451065569241771 0.0295242844308723 0.0295242844308723 0.011948569872675 0.0138462856793098
"3" 0.181166213833425 0.18907510684364 0.231751807861794 0.510281728106895 0.510281728106895 0.800335964139388 0.800335964139388 0.339349469099543 0.216926730553714
"4" 0.0805525460567221 0.0849525624431518 0.108440060862851 0.229377580390575 0.229377580390575 0.45885197644285 0.45885197644285 0.172059024895376 0.0924021710079141
"5" 0.0854668376682881 0.0901113055021482 0.119538793526921 0.247141933294524 0.247141933294524 0.475880574793235 0.475880574793235 0.212509671956081 0.110888606013574
"6" 0.04970618368697 0.0503848445203182 0.0599644851056313 0.0974278527719958 0.0974278527719958 0.169008897674835 0.169008897674835 0.0788720757468849 0.0518093333492999
"7" 0.272256627784017 0.29531570367159 0.375327804934003 0.705463111516867 0.705463111516867 0.969510481546974 0.969510481546974 0.505259194664227 0.348207484803346
"8" 0.359779633623884 0.371953045329697 0.438664069134638 0.612819537763418 0.612819537763418 0.765349804311388 0.765349804311388 0.647677757688237 0.459264830158416
"9" 0 0 0 0 0 0 0 0 0
"10" 0.181119224341225 0.188035014850129 0.227376484953052 0.381492412209875 0.381492412209875 0.630543998195952 0.630543998195952 0.359934283627485 0.233910584066403
"11" 0.141121826237734 0.143584868352169 0.191275015295216 0.372889583687535 0.372889583687535 0.624580270559159 0.624580270559159 0.283172213780783 0.161928194086349
"12" 0.0721029877067225 0.0757193454441791 0.0942776445973528 0.195850475176769 0.195850475176769 0.416951534144826 0.416951534144826 0.164896885117971 0.087471912494984
"13" 0.925846909594018 0.940863359751411 0.918625137944014 0.990042163636316 0.990042163636316 0.989519820877683 0.989519820877683 0.963455939912737 0.88507533832452
"14" 0.125246052793295 0.129873537117953 0.150148140700956 0.296308431040097 0.296308431040097 0.549366256328431 0.549366256328431 0.213302622822985 0.142899588810216
"15" 0.178964563428846 0.188945762934705 0.238559341638527 0.428586202556311 0.428586202556311 0.855004837499311 0.855004837499311 0.339181268325664 0.218495431888083
"16" 0.913685242481939 0.934925468433611 0.913792496316455 0.995173495129102 0.995173495129102 0.992462140291124 0.992462140291124 0.964514024828807 0.874884862844138
"17" 0.0770960043632689 0.0803530150303121 0.0977999154219962 0.181010480131222 0.181010480131222 0.417164253891799 0.417164253891799 0.142083668423394 0.0833782291081238
"18" 0.960849604036048 0.978987033139054 0.947189784422766 0.998206315883566 0.998206315883566 0.996411188037895 0.996411188037895 0.982147179896988 0.950741040924291
"19" 0.153724833342188 0.157445988379686 0.205453816303889 0.365803401387147 0.365803401387147 0.73489009960677 0.73489009960677 0.29353461341447 0.184250007733788
"20" 0.413657859852811 0.410665214594729 0.606077463188167 0.778716041331062 0.778716041331062 0.823828740600466 0.823828740600466 0.774486769680859 0.534059245187663
"21" 0.776754048099325 0.777690421480331 0.92765405431846 0.914230686712913 0.914230686712913 0.916063701300386 0.916063701300386 0.861679609847963 0.763462198290341
"22" 0.377057209672697 0.379234428237928 0.516089245582336 0.619542718485761 0.619542718485761 0.868890734568619 0.868890734568619 0.597892380264745 0.332150561540614
"23" 0.0709760987163026 0.0726211368138894 0.08397437647671 0.172716308387199 0.172716308387199 0.263652508883639 0.263652508883639 0.0845543870433943 0.0693365713869865
"24" 0.987047036233628 0.97341737800524 0.964255853633242 0.993525759791432 0.993525759791432 0.992858713193669 0.992858713193669 0.992825343592447 0.990260232927745
"25" 0.604997774475911 0.67402172155126 0.633080479766259 0.930453849371759 0.930453849371759 0.976225641991965 0.976225641991965 0.976247964324257 0.751545315028742
"26" 0.914978474857458 0.872840852974209 0.953353354794604 0.931445962364982 0.931445962364982 0.955840570586765 0.955840570586765 0.942603286373084 0.913977439296902
"27" 0.975057760821244 0.950818888699123 0.938194888234746 0.962121869297246 0.962121869297246 0.987233618886151 0.987233618886151 0.994065280545013 0.956259201294324
"28" 0.704360232009238 0.624341656922494 0.865820990370571 0.915118623802181 0.915118623802181 0.92782004947924 0.92782004947924 0.899166497007439 0.785160507726391
"29" 0.692091832788859 0.625971299347933 0.84588666770153 0.883047759960697 0.883047759960697 0.90814500911041 0.90814500911041 0.890704028334243 0.719414636399805
"30" 0.311552227940879 0.303356321116094 0.407706155542107 0.662527378029872 0.662527378029872 0.867455306143831 0.867455306143831 0.582328295714465 0.347193872435856
"31" 0.889262347503139 0.915300069447781 0.952135755471923 0.932011247537653 0.932011247537653 0.934526988029405 0.934526988029405 0.930092205558894 0.922096495153846
"32" 0.8249109307091 0.881747782795853 0.939224573847321 0.920177462341327 0.920177462341327 0.920026194106283 0.920026194106283 0.918513619798942 0.872184343069702
"33" 0.0746804033891525 0.0808007520618052 0.0822807202333649 0.16093044957361 0.16093044957361 0.206002204395961 0.206002204395961 0.0911905506405375 0.0752787762620754
"34" 0.26234817766076 0.255878152504184 0.329904679685447 0.642452265223919 0.642452265223919 0.755525663325011 0.755525663325011 0.621249643498338 0.356838600750066
"35" 0.981894622575167 0.988517462519149 0.964276630227138 0.99145683960934 0.99145683960934 0.991028890165801 0.991028890165801 0.990538205909554 0.987300993036459
"36" 0.129204756708579 0.130253293821511 0.192708198090014 0.360382810772525 0.360382810772525 0.498828749245798 0.498828749245798 0.227786916794799 0.128438440383886
"37" 0.504922551654597 0.677578408068174 0.742577935134752 0.894201205387309 0.894201205387309 0.948958076474932 0.948958076474932 0.670928888501102 0.491514656609486
"38" 0.367889061287273 0.389091461028298 0.565972342400227 0.794110197850039 0.794110197850039 0.780803733586341 0.780803733586341 0.499813427533497 0.397185371595337
"39" 0.991124472709387 0.977479684256533 0.961548679083777 0.99890170332298 0.99890170332298 0.998684215445545 0.998684215445545 0.998459747721668 0.994975889244775
"40" 0.970078831391259 0.970264698807352 0.959754683162257 0.992271143880763 0.992271143880763 0.993524888550951 0.993524888550951 0.989460391722997 0.948467380491116
"41" 0.817999020718994 0.839134121078566 0.929796832658607 0.891215208396105 0.891215208396105 0.892069970299991 0.892069970299991 0.891285895863233 0.851411515818683
"42" 0.0439567006574182 0.044250301104241 0.0511343496458081 0.0942767770972881 0.0942767770972881 0.231185219876674 0.231185219876674 0.0693325654462092 0.0464218702379673
"43" 0.278759337861916 0.271662270733982 0.389182924203219 0.590515230769358 0.590515230769358 0.629220744998929 0.629220744998929 0.460435853391029 0.328564593397857
"44" 0.0147592793330759 0.0156403948938521 0.017848174598468 0.0274779146153567 0.0274779146153567 0.0391281866753668 0.0391281866753668 0.0172004366584103 0.0146899276023043
"45" 0.994147267293961 0.995418146626235 0.963807118271338 0.999401297009538 0.999401297009538 0.998149184281478 0.998149184281478 0.999118565347269 0.998590042726326
"46" 0.0699260140828599 0.0733828674139596 0.0773642668966816 0.128386075989143 0.128386075989143 0.339232406182892 0.339232406182892 0.126073427081828 0.0764598040648537
"47" 0.248495507964869 0.266837451371905 0.318914741242229 0.639951455835994 0.639951455835994 0.800230846605639 0.800230846605639 0.482177695553909 0.252905672664977
"48" 0.141625532582281 0.147996459429272 0.19693223533601 0.401421467092555 0.401421467092555 0.631400986004897 0.631400986004897 0.315980727144456 0.172404926984226
"49" 0.987869589733688 0.961952911641226 0.951563767189769 0.973800813016301 0.973800813016301 0.98479647960367 0.98479647960367 0.955886885129436 0.98810326328066
"50" 0.93110294383362 0.969893131354331 0.983964169577134 0.997727610904275 0.997727610904275 0.997837415607201 0.997837415607201 0.997464332709645 0.978423336635018
"51" 0.0661253402954727 0.0678315079583931 0.0937364304026633 0.177801299358014 0.177801299358014 0.273048516566221 0.273048516566221 0.0837617584707926 0.0642055253749529
"52" 0.196688110668283 0.19653901554462 0.241518532490714 0.333726351851329 0.333726351851329 0.491920139758688 0.491920139758688 0.387422750536868 0.233909537871811
"53" 0.0494529337484125 0.0498686861299143 0.0625008265725453 0.121520539530072 0.121520539530072 0.335821455724822 0.335821455724822 0.0972698958429003 0.0521634195402729
"54" 0.744739929895308 0.738407967627773 0.904680163706278 0.90691717646434 0.90691717646434 0.903577679399331 0.903577679399331 0.891719769250398 0.799209756237957
"55" 0.303917402992625 0.307168255843899 0.440120178791225 0.698366362522422 0.698366362522422 0.721014561769522 0.721014561769522 0.60235831833169 0.384936001129301
"56" 0.0375555671580021 0.0393180641284166 0.0487261714523468 0.108640452922305 0.108640452922305 0.264610764769399 0.264610764769399 0.0488527639464754 0.0380597008705594
"57" 0.207779875943376 0.225630091446499 0.250747816768311 0.618630879635631 0.618630879635631 0.905641482929382 0.905641482929382 0.375459518966421 0.226177071360332
"58" 0.944706855553959 0.934916214463198 0.982195082203461 0.997485683331875 0.997485683331875 0.998274973414187 0.998274973414187 0.997625629869158 0.994466621286363
"59" 0.400080333963554 0.373474108728999 0.469480690998776 0.73692193444627 0.73692193444627 0.753359435835448 0.753359435835448 0.661018172370372 0.468491984874984
"60" 0.401027527295524 0.412899214489692 0.472547265957512 0.811393054475405 0.811393054475405 0.796745532929106 0.796745532929106 0.709873624810949 0.506139891331077
"61" 0.417664798358933 0.427000845283246 0.474640530939907 0.814913315906559 0.814913315906559 0.837262519196681 0.837262519196681 0.757285317699984 0.509021316152342
"62" 0.190386673707061 0.200357653138225 0.262290511197526 0.535250338223658 0.535250338223658 0.778870910278228 0.778870910278228 0.376159057691475 0.234998255245349
"63" 0.0190363788084311 0.0201159322370083 0.0233270586364724 0.0338827321923064 0.0338827321923064 0.0508880429832245 0.0508880429832245 0.0204014533313063 0.0186985451745817
"64" 0.911468866152657 0.965461956572089 0.957659314372945 0.985208588559079 0.985208588559079 0.984451702814878 0.984451702814878 0.956433947945842 0.924964111953001
"65" 0.990147784661037 0.993836081787348 0.963495104333226 0.994107346983535 0.994107346983535 0.999075200418685 0.999075200418685 0.994480156757049 0.986166309291883
"66" 0.183758040100807 0.192623241101735 0.22808828318862 0.511896400317718 0.511896400317718 0.672125603436256 0.672125603436256 0.375148242844241 0.220916971671268
"67" 0.1490219646682 0.156534216233771 0.195858982517482 0.333891864353362 0.333891864353362 0.545922400058732 0.545922400058732 0.326964019476362 0.181577780586913
"68" 0.967831660869916 0.980356704050869 0.961993113772579 0.986810597098102 0.986810597098102 0.987037211877391 0.987037211877391 0.984957856801143 0.970730312681552
"69" 0.033718430455836 0.0326097884003143 0.0372647985929059 0.0752880989055112 0.0752880989055112 0.0934319486332422 0.0934319486332422 0.0425012995257048 0.0357134493496827
"70" 0.030977382268284 0.0305706359932492 0.0337588862399347 0.0658581041095923 0.0658581041095923 0.0906138827265172 0.0906138827265172 0.0346495507928262 0.0308017436830198
"71" 0.997153648946044 0.998259139280514 0.983979825908689 0.99993095187844 0.99993095187844 0.999844339030871 0.999844339030871 0.999782825841704 0.995489819206471
"72" 0.0149800364196947 0.0160240673020326 0.0160333420187339 0.0267327893547941 0.0267327893547941 0.0363585883764114 0.0363585883764114 0.0177865731915433 0.0153287431140116
"73" 0.675026472396184 0.791471423780429 0.862256133971453 0.919104273449676 0.919104273449676 0.932469777639648 0.932469777639648 0.773157416032791 0.653068808756125
"74" 0 0 0 0 0 0 0 0 0
"75" 0.285249154416656 0.283865754896442 0.354381800194923 0.537885187387799 0.537885187387799 0.852445482974561 0.852445482974561 0.468724332064702 0.311993302085148
"76" 0.363023817322527 0.352512996150084 0.481521233391813 0.711314163891975 0.711314163891975 0.817579338355118 0.817579338355118 0.600313808704984 0.390252614301386
"77" 0.502413186605462 0.486481379826574 0.645680821924858 0.761695989804253 0.761695989804253 0.84747916284832 0.84747916284832 0.674531750657297 0.520803909357701
"78" 0.928806760435535 0.949811625814669 0.937533747743801 0.989190995856901 0.989190995856901 0.989344992507735 0.989344992507735 0.96324611043182 0.883813129707225
"79" 0.587971013458711 0.555796381418776 0.73751626060999 0.925363350565541 0.925363350565541 0.931573093738061 0.931573093738061 0.842132120281849 0.629567177134947
"80" 0.512990569860397 0.526845026579661 0.610291465876268 0.94894705797807 0.94894705797807 0.987341795066772 0.987341795066772 0.792990811070136 0.541955556509854
"81" 0.350024648933784 0.374980385897484 0.496974221145734 0.791908275407022 0.791908275407022 0.834437430824114 0.834437430824114 0.649180717521074 0.347995800640967
"82" 0.711434984498677 0.727852705537224 0.815597368023428 0.961431173063756 0.961431173063756 0.970814380065231 0.970814380065231 0.894170696489602 0.785434329946667
"83" 0.510564205497568 0.60544843922103 0.743670716562187 0.850927297821772 0.850927297821772 0.974881217781374 0.974881217781374 0.726451311939965 0.476371263397527
"84" 0.429586200121032 0.445879885172081 0.468701710982161 0.84339701206828 0.84339701206828 0.872152145902555 0.872152145902555 0.782923413423908 0.524332411915912
"85" 0.97313282508293 0.975649359054011 0.963230646731719 0.976258715189184 0.976258715189184 0.979761899280855 0.979761899280855 0.978098712650397 0.957303185998859
"86" 0.0278207910178518 0.0291328456417053 0.0341992732207598 0.082557595320121 0.082557595320121 0.152448796027644 0.152448796027644 0.0374821772518927 0.0276215930682641
"87" 0.292744474262161 0.304055407432229 0.436650326989682 0.657791128728778 0.657791128728778 0.729351089360194 0.729351089360194 0.52154530215366 0.297933503516613
"88" 0.989551597380437 0.988640411464493 0.964892386263707 0.998012179586429 0.998012179586429 0.996716781251234 0.996716781251234 0.992600831653033 0.993857067701164
"89" 0.199824072136595 0.211145683645485 0.233318108808324 0.496290206858966 0.496290206858966 0.767966475686956 0.767966475686956 0.31444316089203 0.207588046680161
"90" 0.127631536130998 0.139279365041237 0.146490406857937 0.26582558537542 0.26582558537542 0.388850885226185 0.388850885226185 0.16324636791176 0.137191538400292
"91" 0.982780550313291 0.995376097211002 0.963734385753759 0.996905356804102 0.996905356804102 0.995998348441617 0.995998348441617 0.995948187750217 0.954844855765629
"92" 0.0921945116867665 0.0949492123098867 0.113340723138424 0.238462431008761 0.238462431008761 0.47456322380115 0.47456322380115 0.191710972768631 0.10813229306657
"93" 0.169612113177363 0.167392432711538 0.220116784418531 0.449651227508125 0.449651227508125 0.662645821706492 0.662645821706492 0.310422979729689 0.196103953642858
"94" 0.998522801566576 0.999281805257079 0.989815486218693 0.999804106903721 0.999804106903721 0.999884600265814 0.999884600265814 0.99990972968436 0.998903780433473
"95" 0.413392070540172 0.437210569285054 0.479755617478766 0.821440204429822 0.821440204429822 0.834513540223408 0.834513540223408 0.752967024630152 0.516044772249024
"96" 0.60485723118846 0.621455682552912 0.779079173598284 0.953779072307244 0.953779072307244 0.960401597113406 0.960401597113406 0.87357462654112 0.673887384345824
"97" 0.667207319197771 0.621521138942996 0.855017285996827 0.874467070642374 0.874467070642374 0.896627278815087 0.896627278815087 0.898843920330492 0.682516179572706
"98" 0.293917803290292 0.312013295351993 0.433810876513937 0.601430426728533 0.601430426728533 0.681830484382591 0.681830484382591 0.444478414412612 0.331206754093435
"99" 0.0678474560442844 0.0691035844754824 0.0744125052295085 0.113119585580631 0.113119585580631 0.161541223189791 0.161541223189791 0.0778470912433347 0.0680880801788953
"100" 0.887262298683583 0.913267610372042 0.95680395661495 0.941656787386855 0.941656787386855 0.944085317833764 0.944085317833764 0.939249473097154 0.926880530517526
"101" 0.283312424809294 0.2882456601438 0.37336470282805 0.54720411761102 0.54720411761102 0.808472560752027 0.808472560752027 0.473739896991183 0.315692513616465
"102" 0.1052649231329 0.102837610141458 0.13238848130059 0.203203804076088 0.203203804076088 0.364080253461731 0.364080253461731 0.185186772364519 0.123168919502357
"103" 0.992707537325204 0.993983409183062 0.962810528263993 0.995732331084525 0.995732331084525 0.999751863013143 0.999751863013143 0.996942069901156 0.993337771165901
"104" 0.550456438992905 0.521216310115811 0.585212348725512 0.656116113311657 0.656116113311657 0.911164581724433 0.911164581724433 0.629570042796831 0.476553122130927
"105" 0.128144497214279 0.127467557307518 0.145490884380959 0.26660509122551 0.26660509122551 0.315090943711452 0.315090943711452 0.15122826949947 0.125339423402123
"106" 0.466630043921836 0.490270429876576 0.64661350964512 0.898944014284873 0.898944014284873 0.888295831603783 0.888295831603783 0.893456345174806 0.616603832965541
"107" 0.389922733204286 0.369002730482527 0.451569174041513 0.788718335242033 0.788718335242033 0.792713623702313 0.792713623702313 0.680656240629337 0.492586961340874
"108" 0.995249037797563 0.996450399904616 0.964398203876271 0.999960580627788 0.999960580627788 0.999672680685915 0.999672680685915 0.999688893560384 0.992637472353468
"109" 0.249561256234012 0.253695248757594 0.33367185129407 0.553731944797029 0.553731944797029 0.833464255912275 0.833464255912275 0.423392005361334 0.27846011441834
"110" 0.673849080574535 0.660765493778341 0.80633479269667 0.963536287444362 0.963536287444362 0.961579762772035 0.961579762772035 0.953593930373171 0.713032678559103
"111" 0.769039912946619 0.795882575021992 0.897878969358835 0.946401334364822 0.946401334364822 0.96370173154844 0.96370173154844 0.937068068071063 0.806765022415731
"112" 0.611433847450183 0.56277703320907 0.762308996691316 0.827750804563101 0.827750804563101 0.847117656975048 0.847117656975048 0.803099655983462 0.630603137561381
"113" 0.974834878975104 0.987746297230976 0.960711157616018 0.99514009164759 0.99514009164759 0.995014038601097 0.995014038601097 0.994047687617012 0.982729624032161
"114" 0.178460165731511 0.18448507276966 0.259472850478295 0.454999945633323 0.454999945633323 0.527839634799387 0.527839634799387 0.328960285468056 0.180574505340144
"115" 0.2730705303263 0.272582641344688 0.351784412565277 0.568932021173808 0.568932021173808 0.833319837275299 0.833319837275299 0.457007247111828 0.301291327907842
"116" 0.960383116945064 0.950399728412235 0.960530489493727 0.955703389952581 0.955703389952581 0.981745997536428 0.981745997536428 0.975824210688229 0.973842684882015
"117" 0.790865485680944 0.784749686212291 0.955208481430099 0.871177531467844 0.871177531467844 0.875293586077747 0.875293586077747 0.869281458502909 0.84095021737701
"118" 0.398365341168315 0.419482959663408 0.533944313848268 0.784604227091329 0.784604227091329 0.957520769556858 0.957520769556858 0.7213998668089 0.475687844221128
"119" 0.376510467583778 0.411408202237011 0.473246019387979 0.856931232681726 0.856931232681726 0.873498773277831 0.873498773277831 0.698040184367095 0.385443899451561
"120" 0.0359276224025978 0.0377387685686442 0.0460494630549199 0.083954225910036 0.083954225910036 0.196058863912637 0.196058863912637 0.0539788544683934 0.0376386367290973
"121" 0.105687588997968 0.123983133963467 0.23352465748017 0.369090096078707 0.369090096078707 0.484749783870036 0.484749783870036 0.254736554182958 0.113417887651733
"122" 0.548713859131977 0.670875182764309 0.884272776010169 0.899245009406655 0.899245009406655 0.935774190452387 0.935774190452387 0.832210116548234 0.480320603629579
"123" 0.243822454320483 0.32866245765409 0.487228545811358 0.532472587431351 0.532472587431351 0.573222846966071 0.573222846966071 0.499317899973054 0.289232263718471
"124" 0.997337554161955 0.998268392892081 0.982923924181328 0.999888678701041 0.999888678701041 0.999559216770005 0.999559216770005 0.999514499439953 0.999320757362778
"125" 0.254977828123831 0.256481879322865 0.312998759001575 0.494921525305815 0.494921525305815 0.606617532665831 0.606617532665831 0.536128488804431 0.324277887475789
"126" 0.0137033846775325 0.0149178406273032 0.0166032156241086 0.0398395459962403 0.0398395459962403 0.0496935272275769 0.0496935272275769 0.0213414635251159 0.0158530627905585
"127" 0.331102609726812 0.345567763452163 0.578431517135722 0.716321254570569 0.716321254570569 0.753420619618819 0.753420619618819 0.634351392830287 0.435224988211066
"128" 0.0359025938875928 0.0351996282594636 0.0376308067478417 0.0562825402129059 0.0562825402129059 0.0618411011019045 0.0618411011019045 0.0405360181916837 0.0354375876234889
"129" 0.425492233051768 0.444941029843239 0.618696274578055 0.854182274794852 0.854182274794852 0.866783737787713 0.866783737787713 0.756060374604871 0.467327714701831
"130" 0.922588285550384 0.97118303845719 0.968347034834511 0.982701042837987 0.982701042837987 0.982525414953613 0.982525414953613 0.981887050008413 0.970811196123433
"131" 0.999391631712564 0.999486336473328 0.99319695569127 0.999991062092097 0.999991062092097 0.999971504698397 0.999971504698397 0.999981770319037 0.999973246471762
"132" 0.965864135226728 0.967969569571576 0.961896630929702 0.969347143876178 0.969347143876178 0.969222231844042 0.969222231844042 0.969225134118951 0.968493904474658
"133" 0.401158508870031 0.404349321079765 0.560208282801344 0.73339266684429 0.73339266684429 0.842571780552428 0.842571780552428 0.613331627792057 0.444945847106118
"134" 0.962329443053703 0.964813728353473 0.956163814685336 0.981808957044445 0.981808957044445 0.981729197305918 0.981729197305918 0.980882480996009 0.970558394493855
"135" 0.751230504593258 0.758582913054903 0.889296249325591 0.995061167049273 0.995061167049273 0.995522659220655 0.995522659220655 0.963884007882656 0.808116502789404
"136" 0.557789814785937 0.582013566378881 0.684864301746159 0.951433250942169 0.951433250942169 0.965301909217643 0.965301909217643 0.910404694022788 0.61002514169035
"137" 0.0723350185404098 0.0742564209218893 0.0959635946175338 0.202446663596034 0.202446663596034 0.329665469469889 0.329665469469889 0.124301373109049 0.0749403921588174
"138" 0.469426065640045 0.455486033184112 0.633169198068164 0.758645338081128 0.758645338081128 0.779862536614209 0.779862536614209 0.791940698642694 0.555403758551114
"139" 0.0546184437120057 0.0552329277537661 0.0553204325188326 0.087468950384463 0.087468950384463 0.110964157881275 0.110964157881275 0.0598856255965536 0.054610356107479
"140" 0.994626320050797 0.993107070792305 0.964598991623604 0.999558867864487 0.999558867864487 0.999114911835076 0.999114911835076 0.998792988181037 0.997450375478904
"141" 0.983927936607072 0.973253357752877 0.958509568800554 0.981440509099307 0.981440509099307 0.992766167738198 0.992766167738198 0.973932533735565 0.990066885933297
"142" 0.8651469177489 0.838252722259979 0.931277385884883 0.959414276148997 0.959414276148997 0.962116765176512 0.962116765176512 0.958715989456903 0.849518434191555
"143" 0.745268724950683 0.743819044709913 0.925990956494775 0.858389866122287 0.858389866122287 0.864349103215677 0.864349103215677 0.851911018072407 0.779687338135959
"144" 0.38268535900867 0.39183663722626 0.499756514229561 0.867209401438369 0.867209401438369 0.944180926013859 0.944180926013859 0.68204303713038 0.453730135737727
"145" 0.218768331237083 0.216030160909669 0.286147583964733 0.547864815970696 0.547864815970696 0.740851293081614 0.740851293081614 0.438103275619937 0.220145427568271
"146" 0.668151428430842 0.627267397291814 0.838824072466097 0.873355904749342 0.873355904749342 0.886652417098991 0.886652417098991 0.884808253372779 0.69415486795465
"147" 0.0966399928194532 0.108886006797075 0.219625389206613 0.317980174165796 0.317980174165796 0.386892286034346 0.386892286034346 0.175153288928611 0.102580552505356
"148" 0.394801332305232 0.424550820511949 0.568159615440565 0.866468154850148 0.866468154850148 0.867698106941081 0.867698106941081 0.70923562394991 0.398690876931904
"149" 0 0 0 0 0 0 0 0 0
"150" 0.233062010510289 0.235736306084612 0.30685210498085 0.578860346975263 0.578860346975263 0.887745965583273 0.887745965583273 0.411389232287202 0.262862194251366
"151" 0.869494508114907 0.817133927859536 0.9130626526319 0.940234126382908 0.940234126382908 0.94122852598851 0.94122852598851 0.92478019643458 0.823705488941027
"152" 0.993838317621617 0.991934802714135 0.969884143592563 0.998643813802874 0.998643813802874 0.998365744627382 0.998365744627382 0.998403993951223 0.996717606837874
"153" 0.00152634355144861 0.00159202828271516 0.00169046782086709 0.00513926824165667 0.00513926824165667 0.00658973833356494 0.00658973833356494 0.00222891249127973 0.00170629409939737
"154" 0.018800304612519 0.0199511431632111 0.0224246077572415 0.0543144765215542 0.0543144765215542 0.117257095754335 0.117257095754335 0.0267716445284538 0.0190222134201469
"155" 0.707194781987839 0.846723944535411 0.903444806017105 0.951678877240367 0.951678877240367 0.979774337132693 0.979774337132693 0.849183126540019 0.742884714072418
"156" 0.990492526304577 0.99391023089782 0.990711201532547 0.995376574973489 0.995376574973489 0.999266700192415 0.999266700192415 0.996810023708988 0.989594316411116
"157" 0.718619444139075 0.644968368794074 0.874135081023552 0.886994847641326 0.886994847641326 0.908511129189588 0.908511129189588 0.886635881617712 0.761288499096987
"158" 0.210500664781357 0.228111813629103 0.291470523423228 0.566138849021412 0.566138849021412 0.874568334754595 0.874568334754595 0.517876709375593 0.233781906727613
"159" 0.896608833060713 0.900561505887108 0.886384386795575 0.935122953028028 0.935122953028028 0.975233374225395 0.975233374225395 0.928482357190161 0.844394376435299
"160" 0.148787514881862 0.151463689980644 0.265710622027001 0.397762141291938 0.397762141291938 0.5012368610876 0.5012368610876 0.293437765715499 0.154406206941155
"161" 0.274123190256491 0.273630197566794 0.356815344054074 0.770375567355439 0.770375567355439 0.980108039940753 0.980108039940753 0.516175898571981 0.314180460308286
"162" 0.42148511213542 0.449922998310791 0.545320670376854 0.807322927256051 0.807322927256051 0.808095792368598 0.808095792368598 0.785413529472245 0.566753577302184
"163" 0.825048336733935 0.752981618960263 0.928878176793033 0.925647143761522 0.925647143761522 0.925257855691219 0.925257855691219 0.815818491043921 0.848908204836688
"164" 0.0941758011543573 0.0921321304048872 0.120100975241242 0.274481414874803 0.274481414874803 0.508256851135208 0.508256851135208 0.161144289474974 0.0947375227224186
"165" 0.421054765188609 0.394966807433943 0.547396107818953 0.786041186611948 0.786041186611948 0.803382109151432 0.803382109151432 0.642138422323628 0.436845452869544
"166" 0.89920351462847 0.920607753215537 0.954660529703057 0.977108879190849 0.977108879190849 0.977345736497349 0.977345736497349 0.97390871262408 0.899154620506276
"167" 0.159290197103593 0.167274451219395 0.200948086843811 0.442987766423051 0.442987766423051 0.604990990902643 0.604990990902643 0.313535622841474 0.185393018180522
"168" 0.768847822158018 0.958272912231208 0.888999085794251 0.988386186044548 0.988386186044548 0.981644660298562 0.981644660298562 0.911825753150067 0.712558155558648
"169" 0.50855958377334 0.49965443435703 0.564054080678763 0.714283897230215 0.714283897230215 0.929968293812803 0.929968293812803 0.581359776140418 0.481532695714149
"170" 0.239245954397229 0.280654446500142 0.532289889523915 0.588662869191469 0.588662869191469 0.615870053447839 0.615870053447839 0.515292597575116 0.268772731042025
"171" 0.165644912965333 0.170238932281654 0.214265462061097 0.375399010636807 0.375399010636807 0.584130270833877 0.584130270833877 0.2768754964014 0.19162926438262
"172" 0.945338090107214 0.955614243168289 0.959429624819264 0.94599130254933 0.94599130254933 0.960761547974039 0.960761547974039 0.960056616141574 0.937005837513433
"173" 0.960752188635681 0.959240094708767 0.945197864636993 0.98127399738521 0.98127399738521 0.993884119537422 0.993884119537422 0.983236925499089 0.92334442448628
"174" 0.591978349648531 0.594406289728324 0.696016083656752 0.96454779035958 0.96454779035958 0.975173013387516 0.975173013387516 0.909346688850475 0.627404709764602
"175" 0.501299549083888 0.576215914855945 0.563410352889558 0.872208720064808 0.872208720064808 0.941513947785216 0.941513947785216 0.89593791760117 0.615117979566205
"176" 0.894149371417279 0.944733914042224 0.930471049769788 0.964000671972048 0.964000671972048 0.964360976174065 0.964360976174065 0.963725125081658 0.926936837913349
"177" 0.49755047207233 0.524137810962097 0.674764266727639 0.88546618319405 0.88546618319405 0.901206890968834 0.901206890968834 0.895144347667699 0.64047477568111
"178" 0.985394240695399 0.983921948748509 0.957806903792741 0.992975796104533 0.992975796104533 0.989788474037511 0.989788474037511 0.984164539849369 0.993546238419796
"179" 0.0162190932189327 0.0166270613919937 0.0208258603104247 0.0406326057735899 0.0406326057735899 0.0771473322910597 0.0771473322910597 0.0209696742744471 0.0162233320373423
"180" 0.961873306929134 0.973173738918383 0.944808772005897 0.981754790400662 0.981754790400662 0.99822491426021 0.99822491426021 0.984309991357752 0.95977835273594
"181" 0.823868743911416 0.925262819148144 0.974025177933778 0.955756572562981 0.955756572562981 0.955650161801853 0.955650161801853 0.954512222291215 0.920326807546577
"182" 0.848121627761574 0.946636652460457 0.944571858733095 0.947359860653069 0.947359860653069 0.947354160406665 0.947354160406665 0.946868917589632 0.895179777733028
"183" 0.0661463400819453 0.0657690393367665 0.0820643951471999 0.170515042737323 0.170515042737323 0.310869948399093 0.310869948399093 0.098259809160048 0.0641734709402773
"184" 0.350894901492099 0.362726859230908 0.423305548378305 0.697917496045338 0.697917496045338 0.911740183158364 0.911740183158364 0.592694234389019 0.407652439050465
"185" 0.444009715324933 0.414215246839948 0.54368107209822 0.758229008998677 0.758229008998677 0.914086862307673 0.914086862307673 0.761230511597441 0.48720543119413
"186" 0.998141136140365 0.998824633853741 0.989060763345993 0.99975820543484 0.99975820543484 0.991866387814534 0.991866387814534 0.999537666591423 0.999734874858496
"187" 0.905052149174381 0.94832522792385 0.957626923610649 0.96350646322128 0.96350646322128 0.964426389323207 0.964426389323207 0.961585146271054 0.946667363053252
"188" 0.546836437372617 0.591652392234605 0.592724640645035 0.885604295961383 0.885604295961383 0.967621492901482 0.967621492901482 0.953146420465279 0.685027228032206
"189" 0.223847062258127 0.246649452581891 0.322655780837252 0.402012289186464 0.402012289186464 0.805027789742385 0.805027789742385 0.379259347536181 0.210775071049493
"190" 0.997657398175854 0.998566199520575 0.986722850407843 0.999933502302913 0.999933502302913 0.999682760544805 0.999682760544805 0.999831816415866 0.99962453869383
"191" 0.207993420655827 0.21720325809167 0.248063287919698 0.461527629124027 0.461527629124027 0.854144831371399 0.854144831371399 0.356604798454489 0.233645735372427
"192" 0.179245903218266 0.246432977643831 0.405384952641783 0.602806758093843 0.602806758093843 0.616731682037777 0.616731682037777 0.450342421593615 0.212765414841819
"193" 0.572245804884783 0.61128199690263 0.658834376759735 0.92435133981396 0.92435133981396 0.927865715146808 0.927865715146808 0.878022043563223 0.708472685033209
"194" 0.541191389605814 0.548047265477888 0.664819959830334 0.876569594645947 0.876569594645947 0.867322967590225 0.867322967590225 0.839464713028599 0.650531497986045
"195" 0.0899388244493124 0.0903071162069361 0.136230445966233 0.245394167465469 0.245394167465469 0.346500648136887 0.346500648136887 0.130180763213088 0.0869079414081289
"196" 0.754803542700043 0.750228778636586 0.84307087398133 0.925774605284446 0.925774605284446 0.955136110583422 0.955136110583422 0.924161098718683 0.83476335228483
"197" 0.608755813895856 0.640294346347002 0.737234930286658 0.958577690614552 0.958577690614552 0.977659350077515 0.977659350077515 0.89688044341578 0.684790181939968
"198" 0.852171453271694 0.813451191420726 0.909182235853355 0.948945390005485 0.948945390005485 0.948870264432042 0.948870264432042 0.910245683731207 0.809586887233147
"199" 0.889181792824932 0.936771909734634 0.949318172358433 0.956291932451221 0.956291932451221 0.956367218387203 0.956367218387203 0.956171644810005 0.863294631658239
"200" 0.348063130996474 0.342758132713265 0.41530803035951 0.743438187758127 0.743438187758127 0.918575870984971 0.918575870984971 0.546972723465904 0.375635924034224
"201" 0.997739081137898 0.998855570754101 0.981123098792802 0.999922483193416 0.999922483193416 0.997798918317053 0.997798918317053 0.999838355697431 0.999814450944222
"202" 0.580364329923248 0.613032763520774 0.792223130423426 0.844397889200098 0.844397889200098 0.855125019979613 0.855125019979613 0.846866929034077 0.642820181574359
"203" 0.258851878303132 0.293928616442954 0.516225642237118 0.585443034493992 0.585443034493992 0.574485623863035 0.574485623863035 0.374459350051759 0.276443528361878
"204" 0.0736617617570465 0.0925298708215259 0.148446350333853 0.240455161735499 0.240455161735499 0.251196877334476 0.251196877334476 0.123534669998154 0.0735249477652887
"205" 0.444092543482856 0.490250088366877 0.634056934121659 0.829349145540471 0.829349145540471 0.942038367280303 0.942038367280303 0.575548223288047 0.417903609194258
"206" 0.0149673458773605 0.0159830749300546 0.0196241100544364 0.0338883242824729 0.0338883242824729 0.0656120152194744 0.0656120152194744 0.0197607722299998 0.0146431170628
"207" 0.236958245311192 0.226613699427484 0.288981645901809 0.573533817725269 0.573533817725269 0.653526237527447 0.653526237527447 0.468490318857916 0.274716211643683
"208" 0.92048548065434 0.916087624690349 0.958693876196856 0.978892484405131 0.978892484405131 0.981202235481005 0.981202235481005 0.96499100488306 0.964084953554435
"209" 0.0136130649635625 0.015236039143288 0.0164227457357476 0.0395481566391871 0.0395481566391871 0.0318277318588673 0.0318277318588673 0.0140248213872589 0.014233159708506
"210" 0.244141581922707 0.223628701721008 0.271820268609247 0.406797686853806 0.406797686853806 0.484441437650144 0.484441437650144 0.300077923843143 0.22542582126486
"211" 0.015024189383432 0.0169681796642003 0.0249056517969446 0.0504779036678363 0.0504779036678363 0.0754903057018747 0.0754903057018747 0.0234318314938785 0.0153473517019847
"212" 0.91766777999093 0.946342085049417 0.940238515479568 0.979092151380503 0.979092151380503 0.978688621142914 0.978688621142914 0.965734767981132 0.915914652682936
"213" 0.751151385986322 0.807807844752037 0.855420765882024 0.870434054848931 0.870434054848931 0.87332189882682 0.87332189882682 0.870663720345965 0.820114903301922
"214" 0.992587702721328 0.992622534715487 0.964071159250854 0.999507648031749 0.999507648031749 0.998949496043131 0.998949496043131 0.99868926214701 0.997756470449569
"215" 0.520213470744897 0.582325545147204 0.574590130489217 0.887026610637277 0.887026610637277 0.926156497181952 0.926156497181952 0.8605001048935 0.627731771825133
"216" 0.996262145878187 0.997880078976088 0.983974393900756 0.999705703254336 0.999705703254336 0.999586007118222 0.999586007118222 0.999580115290179 0.998295134452341
"217" 0.0870124174911882 0.0839151061082913 0.114559200646974 0.263154129623771 0.263154129623771 0.359471849985611 0.359471849985611 0.179204143970617 0.087165093641267
"218" 0.918241039530074 0.975980171819985 0.972356614598717 0.991383559256441 0.991383559256441 0.991379632677905 0.991379632677905 0.981666521101929 0.92615782808289
"219" 0.070357295255419 0.0780789417688789 0.116307831948618 0.289597236932028 0.289597236932028 0.454177634032985 0.454177634032985 0.166609288225352 0.0780208614364024
"220" 0.903683041809745 0.91125628027691 0.955076055133267 0.93655207478935 0.93655207478935 0.973217311713371 0.973217311713371 0.961751026079099 0.945013440433264
"221" 0.168038468742592 0.179581715122161 0.198963394360155 0.449030950129634 0.449030950129634 0.717678019990956 0.717678019990956 0.309530783587851 0.178942597600485
"222" 0.885445316227781 0.948652205026805 0.944895920407038 0.979971807949511 0.979971807949511 0.980332954649139 0.980332954649139 0.976648752215936 0.932057683038865
"223" 0.738838464061043 0.76495873020075 0.890360431381712 0.887321898796739 0.887321898796739 0.889319545210362 0.889319545210362 0.865609593008172 0.811280394604478
"224" 0.815612834880548 0.819082227038296 0.887866660409194 0.89024418676545 0.89024418676545 0.89307511133727 0.89307511133727 0.891056104235217 0.843535099484048
"225" 0.110426843584536 0.122517284350855 0.119248027825133 0.259049727191083 0.259049727191083 0.305410127403295 0.305410127403295 0.134343619870006 0.122035589596277
"226" 0.611785339373715 0.572504480274866 0.639448245074001 0.884780664361344 0.884780664361344 0.975609028033417 0.975609028033417 0.789374555954078 0.499066986447302
"227" 0.355926958001021 0.373164337565246 0.47204250191487 0.810353802492173 0.810353802492173 0.922610990070025 0.922610990070025 0.566685586001876 0.389300377673069
"228" 0.91856501184479 0.959537296266167 0.929127493548159 0.976042684612307 0.976042684612307 0.975930536478277 0.975930536478277 0.973104089544152 0.967392188841535
"229" 0.232782156958825 0.254071037024601 0.319916194651615 0.622306502808437 0.622306502808437 0.906161454104092 0.906161454104092 0.468292032937622 0.253230998265242
"230" 0.432183649703362 0.457615421663793 0.535983571212935 0.814621868566252 0.814621868566252 0.835911478468236 0.835911478468236 0.726172244720094 0.545296474385029
"231" 0.476885977590911 0.443070565174086 0.691394423745807 0.833827380849386 0.833827380849386 0.87510216146774 0.87510216146774 0.822047010718268 0.566339919705908
"232" 0.0209647458846763 0.0218059858766291 0.0253076714350486 0.0478273450290282 0.0478273450290282 0.103446042768824 0.103446042768824 0.0276504587007752 0.0219857103493245
"233" 0.324558212552578 0.331889972779861 0.475331891942174 0.626713256925104 0.626713256925104 0.822390099888098 0.822390099888098 0.362740547406651 0.344816320208126
"234" 0.97417236042943 0.981938898838228 0.963679666423459 0.983849731348264 0.983849731348264 0.986237100498867 0.986237100498867 0.978054914645617 0.956635479398632
"235" 0.692332037439658 0.69651998976929 0.844900221949091 0.876228683797258 0.876228683797258 0.895573517628393 0.895573517628393 0.84990664696477 0.764381496337331
"236" 0.319056905489932 0.318493601868275 0.423251739360782 0.667148281523535 0.667148281523535 0.825844859009507 0.825844859009507 0.565653424271592 0.357387575922335
"237" 0.0590510843235303 0.0615225043265454 0.0675939933485621 0.102572839059824 0.102572839059824 0.133503240719372 0.133503240719372 0.0725468900149206 0.0589624510077825
"238" 0.554027910478929 0.680951912083948 0.844472320753602 0.871274655016398 0.871274655016398 0.937773201579782 0.937773201579782 0.686150686181377 0.49690305894828
"239" 0.514627319496811 0.786497702322838 0.855088469804298 0.970869985054664 0.970869985054664 0.946836662971566 0.946836662971566 0.748223003033277 0.515105702857391
"240" 0.491882555510416 0.662386491794698 0.834399463877367 0.903550243992034 0.903550243992034 0.924514509596724 0.924514509596724 0.605019099576526 0.474060542408688
"241" 0.0505101282748483 0.0506975331390576 0.071579928096222 0.130754008431312 0.130754008431312 0.195696351440018 0.195696351440018 0.0654158550935399 0.0504238386650177
"242" 0.680629630187418 0.688895804025798 0.803130812451446 0.962230689215632 0.962230689215632 0.967043823027329 0.967043823027329 0.932786995329864 0.758016678470176
"243" 0.992764052356118 0.993569018548375 0.965896475355222 0.998404704660561 0.998404704660561 0.997129072042706 0.997129072042706 0.997452347744089 0.971361817187178
"244" 0.473612422304717 0.498731241467019 0.582182100378079 0.817781521934852 0.817781521934852 0.845562694356967 0.845562694356967 0.816890385502522 0.60557085825508
"245" 0.99252049275043 0.994998431544729 0.964822142304824 0.9976616344577 0.9976616344577 0.997034623884894 0.997034623884894 0.996985338902614 0.997182605979487
"246" 0.615054128400126 0.658378662789599 0.770903264944655 0.882903584554831 0.882903584554831 0.916732479504511 0.916732479504511 0.899800648944327 0.689293992366829
"247" 0.878961606372678 0.907397700990403 0.939174805166971 0.972469725914245 0.972469725914245 0.972482220975776 0.972482220975776 0.966381884796946 0.905496550648524
"248" 0.121010351262859 0.129207194700559 0.134357436613738 0.273618792223915 0.273618792223915 0.664379083833169 0.664379083833169 0.2188434076632 0.132737386867704
"249" 0.458498165092879 0.461625120811215 0.62615084716516 0.895436104844398 0.895436104844398 0.951987325634878 0.951987325634878 0.73342700222661 0.505074357084016
"250" 0.452039634202362 0.487200457896036 0.560965168997029 0.93428866340909 0.93428866340909 0.945738340963252 0.945738340963252 0.772832988618321 0.481683079248608
"251" 0.158514623090962 0.155940399551688 0.185890817127629 0.286824074564808 0.286824074564808 0.499278589194074 0.499278589194074 0.294611747781918 0.176541812282475
"252" 0.180134800244722 0.192308021886415 0.415837345553594 0.452798081600683 0.452798081600683 0.504052360666568 0.504052360666568 0.363060736514492 0.195305804745099
"253" 0.51958560656639 0.557866251616553 0.567452067325444 0.883890764755112 0.883890764755112 0.895332014163915 0.895332014163915 0.835253367462534 0.63769980184476
"254" 0.548821232598593 0.624006892644321 0.610658398902114 0.894259627464367 0.894259627464367 0.989486931312396 0.989486931312396 0.951274529759151 0.699420443387173
"255" 0.215153281951152 0.230901867022361 0.447816018822548 0.498468814761796 0.498468814761796 0.53916941693235 0.53916941693235 0.452237376478379 0.252139754222804
"256" 0.652826593607123 0.574391992559681 0.811472351508287 0.881490626007145 0.881490626007145 0.896293944393228 0.896293944393228 0.894105007218575 0.689399484638092
"257" 0.167689638568461 0.166337877309799 0.226757679072737 0.450782353195892 0.450782353195892 0.741760829482618 0.741760829482618 0.343424520626282 0.200277613968971
"258" 0.983397261945625 0.981950290997014 0.96533909239803 0.991531690614011 0.991531690614011 0.992782441752008 0.992782441752008 0.992491526300987 0.962446996554377
"259" 0.260624309607072 0.288995318443266 0.53933839521748 0.582606428608546 0.582606428608546 0.626365576422832 0.626365576422832 0.527737835253737 0.266497776056418
"260" 0.183376318815287 0.193003598569493 0.257445570489325 0.37614679436987 0.37614679436987 0.550445392096012 0.550445392096012 0.239970147584713 0.192673258347686
"261" 0.63424240450864 0.610162642861558 0.859089823107172 0.896022557191365 0.896022557191365 0.923437325871129 0.923437325871129 0.913664497674615 0.731576743508706
"262" 0.874622902050313 0.897593745342289 0.957779395202544 0.933493286488992 0.933493286488992 0.93276925608645 0.93276925608645 0.930531841089107 0.897117313041011
"263" 0.452396856587316 0.457864243477658 0.536715568321225 0.911608570108441 0.911608570108441 0.956980455339986 0.956980455339986 0.730334995424824 0.485133826210954
"264" 0.00420725722093097 0.00544490693837027 0.0061933433016728 0.0111564632870905 0.0111564632870905 0.00393228566175789 0.00393228566175789 0.000743774253374962 0.00333806247068461
"265" 0.731943395424675 0.707342064338533 0.894951845976565 0.867842104244203 0.867842104244203 0.872119599958271 0.872119599958271 0.861984628658261 0.775134617225742
"266" 0.947836618403197 0.965239549151756 0.951532022199412 0.996912896758949 0.996912896758949 0.991908783896475 0.991908783896475 0.990046245499946 0.975662686533924
"267" 0.256150560981287 0.260672359739285 0.340022492316515 0.608111099444946 0.608111099444946 0.708853965192421 0.708853965192421 0.473407652733626 0.327102140526648
"268" 0.265673294051462 0.284713519109069 0.458071501995424 0.58289710485516 0.58289710485516 0.639737813908961 0.639737813908961 0.448986203599846 0.277269718114172
"269" 0.04117625123637 0.0416742438337769 0.0439050867022156 0.106240855327601 0.106240855327601 0.117520797018751 0.117520797018751 0.045604628105901 0.0411342055905628
"270" 0.868893419655389 0.909669862204418 0.944865326819732 0.943464719339307 0.943464719339307 0.944043948044952 0.944043948044952 0.943038424292954 0.867217513089953
"271" 0.595234528953366 0.597386566052608 0.632072436284905 0.91298784660653 0.91298784660653 0.913376713532017 0.913376713532017 0.867259829583748 0.730252937635761
"272" 0.145948728417567 0.158979124221424 0.182550520909622 0.469153062906397 0.469153062906397 0.697432440567024 0.697432440567024 0.286711897149927 0.181599498596207
"273" 0.207969550438555 0.261980379267929 0.473446164287463 0.605029613502067 0.605029613502067 0.609776489639894 0.609776489639894 0.45970291383809 0.24960419462885
"274" 0.966105491317781 0.981585674775293 0.954723250795826 0.98976579012275 0.98976579012275 0.98957916361204 0.98957916361204 0.984214843286197 0.981790165627004
"275" 0.996214481706041 0.996136153949959 0.971322467264442 0.999786715403875 0.999786715403875 0.999624093856156 0.999624093856156 0.999656348506455 0.99959117179688
"276" 0.758057134852252 0.760981630061384 0.85692455038148 0.918043236222198 0.918043236222198 0.919550580765341 0.919550580765341 0.901576096426589 0.824736935723438
"277" 0.367706575187054 0.357358297384119 0.601082787703719 0.669858937076316 0.669858937076316 0.684467239725478 0.684467239725478 0.551004763143779 0.387551532177223
"278" 0.562696845536033 0.575642000510276 0.652838287218527 0.876395771610772 0.876395771610772 0.87700680126763 0.87700680126763 0.853289544789114 0.688521782949783
"279" 0.479601733385707 0.512260495495033 0.671888744166483 0.755306585248525 0.755306585248525 0.796692814221569 0.796692814221569 0.78936509763485 0.509090187585962
"280" 0.00679174560774618 0.00725058120465286 0.00867610754960584 0.0174006541402024 0.0174006541402024 0.0343943713621407 0.0343943713621407 0.00890864391787924 0.00685989983802945
"281" 0.315862095537409 0.302445334804775 0.430899320740967 0.670974177962865 0.670974177962865 0.837324415205046 0.837324415205046 0.549220274393516 0.354719754536336
"282" 0.20829296797928 0.214030215947352 0.252030874969308 0.507770397154969 0.507770397154969 0.721837604475648 0.721837604475648 0.3999640842137 0.209115376995836
"283" 0.244163725310403 0.258533290131041 0.284536477101589 0.672309676384627 0.672309676384627 0.886688343172839 0.886688343172839 0.419730316252663 0.27547996565802
"284" 0.379417931892446 0.400051863138391 0.479038107140995 0.870515298628467 0.870515298628467 0.939100661358639 0.939100661358639 0.660682655426633 0.394809187434109
"285" 0.187094010617276 0.200373354242012 0.214812496117667 0.501938326728087 0.501938326728087 0.840123061747077 0.840123061747077 0.316501769240643 0.208682546971887
"286" 0.00878423929670894 0.00890415099160678 0.0102289447533762 0.0153578178225649 0.0153578178225649 0.0191078017257967 0.0191078017257967 0.00981548890040855 0.00905787740517343
"287" 0.994328689944475 0.993464760555847 0.971254030947117 0.996555847406385 0.996555847406385 0.994518695825926 0.994518695825926 0.990445335681096 0.937813271185468
"288" 0.996839913806244 0.998129029464075 0.970961947649822 0.999606225732301 0.999606225732301 0.999603700796139 0.999603700796139 0.99916896391394 0.997283267627726
"289" 0.476143637410722 0.551385086950016 0.710523818333157 0.877668816919202 0.877668816919202 0.850325614760896 0.850325614760896 0.656664253411574 0.453446820800984
"290" 0.261751804729415 0.255161112283751 0.3571329952419 0.563697278102542 0.563697278102542 0.657065942057683 0.657065942057683 0.438292147313602 0.300596874378874
"291" 0.0522184676309793 0.0544577549075695 0.0823238628437949 0.167765092765611 0.167765092765611 0.244709883049715 0.244709883049715 0.0854154552486456 0.0528140864082207
"292" 0.977978719502699 0.979867479174272 0.963580360827111 0.977845439074004 0.977845439074004 0.988285522144792 0.988285522144792 0.987329629275244 0.936915610782548
"293" 0.137166881007684 0.145689716652253 0.170581202414354 0.312641693126358 0.312641693126358 0.468927443102899 0.468927443102899 0.297085819197146 0.173649426494964
"294" 0.578394691379178 0.589782841054195 0.730817741802755 0.954542913067445 0.954542913067445 0.969042389069766 0.969042389069766 0.901543313856014 0.651330923509292
"295" 0.83643522996067 0.851626985169852 0.97251915177854 0.99830638708319 0.99830638708319 0.999082646050522 0.999082646050522 0.976033141593306 0.945379728076977
"296" 0.951974639415736 0.950773812641098 0.959050988312551 0.967832171832574 0.967832171832574 0.976921262224677 0.976921262224677 0.972311589350184 0.951722290434783
"297" 0.96616859101503 0.967285484919107 0.963068720209058 0.974489700670743 0.974489700670743 0.977139202546066 0.977139202546066 0.976134671233532 0.957427133908146
"298" 0.513240919110435 0.533663428434691 0.654493209212336 0.873639782526607 0.873639782526607 0.864970781588688 0.864970781588688 0.862299707536606 0.648222440284511
"299" 0.997287338730494 0.998540542861731 0.97128363833238 0.999738257644369 0.999738257644369 0.99976780042697 0.99976780042697 0.999525457752027 0.998658370182092
"300" 0.0293735289317783 0.0336641453503241 0.0427830203996523 0.116793971319635 0.116793971319635 0.111616842932369 0.111616842932369 0.0476192637217442 0.033647307039696
"301" 0.848849965465267 0.854604336625165 0.914838072813535 0.952652395262751 0.952652395262751 0.95272911806005 0.95272911806005 0.952260049394002 0.900939319367717
"302" 0.881045466994937 0.876602531538651 0.874038522030086 0.924023742375062 0.924023742375062 0.994184515866232 0.994184515866232 0.924007973765764 0.824015085269608
"303" 0.0633458521494536 0.0625281813721531 0.0782981428108996 0.114910924895691 0.114910924895691 0.127861648373629 0.127861648373629 0.077123314998096 0.0638460258165889
"304" 0.0701171696127706 0.0836767002111161 0.15327745398512 0.257478944802735 0.257478944802735 0.415873129924706 0.415873129924706 0.187629916068066 0.0803060054038157
"305" 0.597761845555816 0.642305171341288 0.74284307197993 0.944013101142865 0.944013101142865 0.973164437301741 0.973164437301741 0.894880935343965 0.667637172536033
"306" 0.947048264381716 0.942924919908272 0.942696988018596 0.975131903653005 0.975131903653005 0.982521562285523 0.982521562285523 0.982280196315113 0.968118557111469
"307" 0.829807839232543 0.790697542622236 0.882965641700896 0.90736915568759 0.90736915568759 0.907736488901837 0.907736488901837 0.904456188123466 0.861438401932887
"308" 0.0816669674492141 0.0803852774188123 0.104099660900544 0.217956862650625 0.217956862650625 0.318501783527239 0.318501783527239 0.138950052557357 0.0781173768142274
"309" 0.934313133003218 0.929492693615301 0.911354437799746 0.960493860336106 0.960493860336106 0.991867320325967 0.991867320325967 0.951448579391176 0.870524106641576
"310" 0.647786343016599 0.645257656244476 0.788133661281417 0.898354425743116 0.898354425743116 0.889237422113068 0.889237422113068 0.752168291302995 0.619629026239163
"311" 0.462968410265184 0.461510832067057 0.579490279433699 0.902650633318067 0.902650633318067 0.946319385239501 0.946319385239501 0.761716305662444 0.516413551239924
"312" 0.489825928074108 0.462838158587032 0.609042564875329 0.735722990893282 0.735722990893282 0.825831403518219 0.825831403518219 0.662269630763957 0.491663982005954
"313" 0.364607569977072 0.38679417251179 0.415492607450979 0.754459757251041 0.754459757251041 0.800723687568137 0.800723687568137 0.719948557721641 0.463670530243424
"314" 0.727389103658995 0.673741509958961 0.856401847536967 0.889538695836516 0.889538695836516 0.889224228940014 0.889224228940014 0.877510158226105 0.703985535493475
"315" 0.574271020522196 0.766744180756069 0.869772666966241 0.954548835374308 0.954548835374308 0.98855194924271 0.98855194924271 0.874194829851479 0.629128467598976
"316" 0.12505969321313 0.13730928444016 0.142905066020884 0.275372146888445 0.275372146888445 0.454722753236534 0.454722753236534 0.213876513226983 0.141940877296413
"317" 0.966708289175041 0.968108411252855 0.96046909247309 0.972273288254829 0.972273288254829 0.972274098524303 0.972274098524303 0.972187739530945 0.959933751673197
"318" 0.172765225990127 0.215886936041996 0.396573422737741 0.57095433226294 0.57095433226294 0.582827492145344 0.582827492145344 0.394596636214034 0.201154066604187
"319" 0.114348478986037 0.122026996079859 0.16953901268392 0.286926200946969 0.286926200946969 0.42289358006968 0.42289358006968 0.172923593029169 0.115004792725557
"320" 0.99023374949934 0.96676289405948 0.992000349768379 0.994409025089269 0.994409025089269 0.994408902236267 0.994408902236267 0.994255863385253 0.991308856173246
"321" 0.997852184774742 0.998825944115579 0.98665355200757 0.999980735852946 0.999980735852946 0.99979558529331 0.99979558529331 0.999830571815851 0.999770189357548
"322" 0.0876440858037909 0.0869305623058986 0.134532230458404 0.227333167210187 0.227333167210187 0.311796226255565 0.311796226255565 0.153113464305936 0.0852752350647996
"323" 0.62235748250216 0.636358844336259 0.770014526047018 0.927724041040618 0.927724041040618 0.930388737195554 0.930388737195554 0.884536226177136 0.679494965841689
"324" 0.490723617154348 0.470728697371847 0.702308935579514 0.837661825753049 0.837661825753049 0.864664723188542 0.864664723188542 0.83410259200574 0.615919191973562
"325" 0.97490679693279 0.977972974679198 0.96046681859373 0.98425826622573 0.98425826622573 0.984160329087098 0.984160329087098 0.980993216404423 0.97830102275684
"326" 0.878863220391177 0.860045399140876 0.897098817489225 0.960243576234586 0.960243576234586 0.960214756830154 0.960214756830154 0.942744649848576 0.913488005250952
"327" 0.33671026551618 0.331132252401546 0.421701312161458 0.645129703539582 0.645129703539582 0.870646597466103 0.870646597466103 0.568162311819398 0.371308494135036
"328" 0.993955186327333 0.989730316757012 0.96307981269602 0.995878239009694 0.995878239009694 0.994393583074103 0.994393583074103 0.995072007678793 0.995995001974885
"329" 0.760050492800236 0.745951059210826 0.772482631437512 0.793690055291526 0.793690055291526 0.941748199060409 0.941748199060409 0.817751923138376 0.724615199039155
"330" 0.90664467706645 0.962104755949745 0.994905163045325 0.990352705242471 0.990352705242471 0.990059720172471 0.990059720172471 0.990364292462588 0.955989448272276
"331" 0.997851924723657 0.998814551526903 0.990664998167787 0.999569935607182 0.999569935607182 0.999429183928574 0.999429183928574 0.99945354423731 0.976015149853524
"332" 0.346862831623491 0.331399530643144 0.477398552445852 0.656189583956876 0.656189583956876 0.83787434351778 0.83787434351778 0.605103578882588 0.388080240893974
"333" 0.128419322254512 0.168324362579145 0.292331685425888 0.412941119932384 0.412941119932384 0.503514598989455 0.503514598989455 0.344697017115078 0.149083413809092
"334" 0.262634129447128 0.3033815178144 0.338066726971209 0.658051629728925 0.658051629728925 0.700072884667213 0.700072884667213 0.650936118733049 0.372338320797092
"335" 0.998781950756217 0.999274841569585 0.994397283891622 0.999858030023338 0.999858030023338 0.98289128090326 0.98289128090326 0.999735711331177 0.999843155180704
"336" 0.0682257481652046 0.0650134640816072 0.0870545046253343 0.203729532629553 0.203729532629553 0.311789421065589 0.311789421065589 0.101092043361143 0.0692030559187156
"337" 0.694027433880983 0.659070190658046 0.851348204989481 0.924839774211946 0.924839774211946 0.95225274095552 0.95225274095552 0.920047739807228 0.800177914293815
"338" 0.239802390518876 0.269815747070214 0.446912264484092 0.626616646174657 0.626616646174657 0.656373953895028 0.656373953895028 0.479675730263526 0.262468455998858
"339" 0.179770881846338 0.180528865740718 0.230898794911561 0.510536780256234 0.510536780256234 0.72873424234031 0.72873424234031 0.415899518399963 0.186524731855612
"340" 0.166033840136654 0.17207564741877 0.205662271614755 0.432898330656961 0.432898330656961 0.725232624267011 0.725232624267011 0.357574465966473 0.167842424211968
"341" 0.80309216890706 0.835635850692251 0.876227349774989 0.945618864854661 0.945618864854661 0.946452175585507 0.946452175585507 0.93330695027654 0.874462834121484
"342" 0.997767585478399 0.998900046723989 0.982948575617561 0.999977734351394 0.999977734351394 0.999814003672618 0.999814003672618 0.999860872296108 0.999814580212685
"343" 0.699469337214971 0.748935859328791 0.904489293575804 0.902794270277575 0.902794270277575 0.906291895027232 0.906291895027232 0.901022029898705 0.74410380547605
"344" 0.264748731303872 0.270840202638267 0.357053844212942 0.596500241277251 0.596500241277251 0.691161078693393 0.691161078693393 0.443673983528776 0.254567992728931
"345" 0.0601915682162966 0.0607048245927348 0.0646839614782109 0.135914283983938 0.135914283983938 0.150879124754611 0.150879124754611 0.0716027220992155 0.0602534998252507
"346" 0.986533396084369 0.981936700674526 0.949382761485558 0.99656002755019 0.99656002755019 0.997050011738708 0.997050011738708 0.995240776656749 0.97132561233672
"347" 0.454047375226722 0.509520040912855 0.644721364065791 0.824027672468185 0.824027672468185 0.863242011945572 0.863242011945572 0.852827532954912 0.614315755668372
"348" 0.989218262569232 0.991758835872194 0.964157510317086 0.997677700853277 0.997677700853277 0.997434116067851 0.997434116067851 0.997164687819257 0.992862593822626
"349" 0.0189433928464436 0.0198443802034168 0.0209124330693646 0.041822874230711 0.041822874230711 0.0552958721483803 0.0552958721483803 0.0216717560816963 0.0187212990515378
"350" 0.124390660310709 0.122435468829587 0.149768825050674 0.256346088024034 0.256346088024034 0.425230757233941 0.425230757233941 0.263780923299757 0.140528193814373
"351" 0.54917703912061 0.496274672519423 0.702070199746159 0.822418696311594 0.822418696311594 0.849583707418369 0.849583707418369 0.795579747546591 0.56423039584612
"352" 0.987820971366075 0.988812279168242 0.964843998974259 0.99343380196231 0.99343380196231 0.997129232788081 0.997129232788081 0.991211555647995 0.986276982436931
"353" 0.889004173336423 0.904204341069043 0.917949395722641 0.973787894696609 0.973787894696609 0.974536679538311 0.974536679538311 0.968208571583345 0.923131189989435
"354" 0.13675681927921 0.145408938787464 0.186262041510639 0.416943597105911 0.416943597105911 0.623514521209251 0.623514521209251 0.334384344282779 0.142454831408558
"355" 0.220899065179819 0.228798457827956 0.266806400599083 0.382223536371741 0.382223536371741 0.440702357760357 0.440702357760357 0.248147296045702 0.219206865318715
"356" 0.0868757894871918 0.0830411843025319 0.112369977430232 0.284964673529978 0.284964673529978 0.385308189179618 0.385308189179618 0.132569383762647 0.0885664322924094
"357" 0.109594010994466 0.112602808939171 0.148968588426856 0.310451341677392 0.310451341677392 0.526017510017286 0.526017510017286 0.262056983194014 0.130217337320726
"358" 0.993143399207683 0.994152047339711 0.969586255490157 0.996830838980225 0.996830838980225 0.996734636095113 0.996734636095113 0.996653642415136 0.990820318270426
"359" 0.222337628532607 0.246068034638768 0.294587178018873 0.570528422007009 0.570528422007009 0.914638914317046 0.914638914317046 0.434581431178977 0.281494000831158
"360" 0.684803356846232 0.622892149561712 0.864706122003326 0.893079538041196 0.893079538041196 0.916676234098593 0.916676234098593 0.912882817344698 0.708022101484482
"361" 0.509810966989308 0.617186285827867 0.705356966264796 0.846542725927302 0.846542725927302 0.835036925064632 0.835036925064632 0.687787512975268 0.517982431646842
"362" 0.514591548515427 0.691400952527148 0.799555917427027 0.867609725822784 0.867609725822784 0.897681069714937 0.897681069714937 0.700071512574966 0.586843098621834
"363" 0.121352196345764 0.127796001687789 0.159331991484697 0.285637636522714 0.285637636522714 0.465476375552599 0.465476375552599 0.277601574630867 0.143479452589366
"364" 0.997578683191225 0.996599068111292 0.959597468794623 0.999467455249199 0.999467455249199 0.999381668878136 0.999381668878136 0.999371306810399 0.977103212706612
"365" 0.88325860578097 0.915225832195566 0.948869114210675 0.921566296218041 0.921566296218041 0.921271744398268 0.921271744398268 0.920923286453373 0.894468095436339
"366" 0.967688286582073 0.981037417401802 0.961871692249679 0.997197677292525 0.997197677292525 0.997012827474933 0.997012827474933 0.996748395003384 0.974054450714179
"367" 0.99582623946669 0.995776934183489 0.96928123361551 0.998155632954127 0.998155632954127 0.99746988757267 0.99746988757267 0.997716247771107 0.975721655835889
"368" 0.887152764493268 0.92181846235341 0.946099660183341 0.948830859863765 0.948830859863765 0.948653303999989 0.948653303999989 0.946889764296172 0.899889433098703
"369" 0.681048951385677 0.62738947692274 0.589589465918943 0.669723845531956 0.669723845531956 0.975206371298846 0.975206371298846 0.736541290084429 0.559690802060687
"370" 0.824958614205607 0.839988795153728 0.87674933885672 0.90331702550528 0.90331702550528 0.906597853921584 0.906597853921584 0.864583973045009 0.765548558728117
"371" 0.994783598107915 0.996722342785864 0.973876025827988 0.999368640196038 0.999368640196038 0.998865030078248 0.998865030078248 0.998987169786096 0.999036297053589
"372" 0.864607624578066 0.824403428393617 0.955334603731542 0.999107464268662 0.999107464268662 0.999861737480394 0.999861737480394 0.99977725303574 0.913440831334158
"373" 0.752373760357357 0.694151363359128 0.891777766837867 0.90520035238253 0.90520035238253 0.916585070676498 0.916585070676498 0.912751497001053 0.784903599187142
"374" 0.997307340396829 0.998701890845716 0.974858422442079 0.99995619224568 0.99995619224568 0.999807547293047 0.999807547293047 0.999836623140005 0.999744313441116
"375" 0.895861451912192 0.906708972330398 0.95717479521549 0.946273433292555 0.946273433292555 0.945341830643277 0.945341830643277 0.944264072415802 0.885341786283703
"376" 0.99711192690544 0.998339843147803 0.979447835712909 0.999929437739709 0.999929437739709 0.999670312926281 0.999670312926281 0.999633603855802 0.99847435999259
"377" 0.987471318064831 0.989965361948697 0.959229491041016 0.994438562174507 0.994438562174507 0.999544086045902 0.999544086045902 0.995534549115358 0.990020574420029
"378" 0.996891116282653 0.997699878664717 0.980225205827117 0.99929082929732 0.99929082929732 0.998992099793348 0.998992099793348 0.999065042089857 0.973534761597848
"379" 0.998115689686665 0.997832549851607 0.984303798352744 0.999740084484061 0.999740084484061 0.999612794111809 0.999612794111809 0.999647618302234 0.999532213139754
"380" 0.991386384507212 0.992866443419503 0.962399891225435 0.997599264553708 0.997599264553708 0.998544752681773 0.998544752681773 0.995970851302928 0.991826436395669
"381" 0.884075658493181 0.827365981736443 0.930743462373489 0.997068400003279 0.997068400003279 0.9974659525211 0.9974659525211 0.995832479643792 0.91136974403837
"382" 0.941838688460776 0.956311042401951 0.934961296791147 0.99801240324614 0.99801240324614 0.996775295551582 0.996775295551582 0.97649382157316 0.9124286468668
"383" 0.695406399232919 0.626374692518091 0.873532248887008 0.863739181623309 0.863739181623309 0.871064180573462 0.871064180573462 0.868994440176432 0.711225593683445
"384" 0.99686585368995 0.996730731413774 0.990920767383369 0.998395530781548 0.998395530781548 0.999300155078411 0.999300155078411 0.997653284223812 0.996092175931551
"385" 0.997313184750275 0.998449014462103 0.977326698663669 0.999168095707037 0.999168095707037 0.999829363665036 0.999829363665036 0.999659730385522 0.998879993737972
"386" 0.104236173505939 0.118839976925092 0.223487194932176 0.399258132598761 0.399258132598761 0.578240388333339 0.578240388333339 0.332120771790401 0.125158092891545
"387" 0.062926954926366 0.0674693260449982 0.130222552676403 0.20758851804092 0.20758851804092 0.292894387463409 0.292894387463409 0.130505173953344 0.0675781883933719
"388" 0.566795724895374 0.567808752323091 0.768653564071934 0.808565552303657 0.808565552303657 0.809670503279093 0.809670503279093 0.739417399209204 0.560947221266441
"389" 0.938858391994008 0.981812659757734 0.945609486816499 0.98511854827353 0.98511854827353 0.984324883346327 0.984324883346327 0.973567297657786 0.932670744575489
"390" 0.0946205824204804 0.105661389615535 0.189470665501297 0.320210019015381 0.320210019015381 0.451245006689697 0.451245006689697 0.237983985914036 0.106397132687407
"391" 0.996247231648809 0.997487276503079 0.964695927500271 0.999241843048046 0.999241843048046 0.999667659194896 0.999667659194896 0.999514279440169 0.994400700835119
"392" 0.999041903796703 0.999579685078405 0.993290312289914 0.999923825388784 0.999923825388784 0.999920068030016 0.999920068030016 0.999899887517799 0.999928819071844
"393" 0.252129550224272 0.25982300362182 0.319788065200252 0.656994877762569 0.656994877762569 0.859639854974359 0.859639854974359 0.541905855243183 0.267903956988652
"394" 0.850691467106689 0.895455358428423 0.980435398050153 0.999944858232432 0.999944858232432 0.999944546870213 0.999944546870213 0.952961734943924 0.924774160969675
"395" 0.997799625472698 0.998827087483411 0.986710857766193 0.999985317478392 0.999985317478392 0.999859743593072 0.999859743593072 0.999875402558869 0.999819711161991
"396" 0.132474723527963 0.136125120590465 0.161556102242262 0.379825591158462 0.379825591158462 0.641703321165893 0.641703321165893 0.328223598053146 0.135336409319591
"397" 0.324199346441241 0.315799342563728 0.43193035432598 0.699022432994956 0.699022432994956 0.872445701105609 0.872445701105609 0.579105554633869 0.364069345912117
"398" 0.254560668606937 0.255175690531782 0.370725016940539 0.598597295111216 0.598597295111216 0.737056704586299 0.737056704586299 0.47021488264982 0.259001875629735
"399" 0.637360631183032 0.649259800242493 0.746445573301702 0.974413246326611 0.974413246326611 0.978230259803212 0.978230259803212 0.894528136359808 0.686865747842658
"400" 0.427877216351036 0.460320541446849 0.496178549821488 0.829228981477338 0.829228981477338 0.869686652570358 0.869686652570358 0.781066296445341 0.505368250566162
"401" 0.996111838963214 0.996669347808847 0.967495474268788 0.999458753030892 0.999458753030892 0.999210878067158 0.999210878067158 0.999251381301503 0.998018901245864
"402" 0.715101204074624 0.718040987479525 0.826138772445154 0.951803189046164 0.951803189046164 0.952021432323147 0.952021432323147 0.905894265955166 0.761417576011565
"403" 0.990750154932231 0.989137827584973 0.961208988426984 0.998907614336921 0.998907614336921 0.998028369635321 0.998028369635321 0.99805139975996 0.995944843646358
"404" 0.892710072975819 0.888120811669855 0.920141236049682 0.950671991291488 0.950671991291488 0.950763121772846 0.950763121772846 0.947484152907634 0.935367879996535
"405" 0.994343265420109 0.99558936533947 0.964259688507754 0.999482412534679 0.999482412534679 0.997997523513812 0.997997523513812 0.998589859991303 0.998210176446015
"406" 0.878131690659877 0.923097979327485 0.954939259250408 0.948868517287802 0.948868517287802 0.948774246818515 0.948774246818515 0.948741184783763 0.862354473842336
"407" 0.914391457829986 0.979223523429543 0.96244407500883 0.99585398719361 0.99585398719361 0.996296921564142 0.996296921564142 0.981784863063439 0.904727357884144
"408" 0.811072929557312 0.816690665089222 0.955240892688556 0.982079729910493 0.982079729910493 0.981848834576079 0.981848834576079 0.973448968926726 0.89604574957822
"409" 0.591766438146945 0.534197569451747 0.813607898940961 0.812770746722932 0.812770746722932 0.818331736813824 0.818331736813824 0.828236137617387 0.689617253850323
"410" 0.875355848025535 0.816544761244639 0.824157057601505 0.826420254681628 0.826420254681628 0.998671539222926 0.998671539222926 0.866081393395117 0.759089053020435
"411" 0.303905747397556 0.325292928870025 0.430815823760619 0.71978426007566 0.71978426007566 0.781423977757849 0.781423977757849 0.57417082933567 0.30202810436541
"412" 0.99689739253921 0.997479279605694 0.982005161641359 0.999894656566583 0.999894656566583 0.999692078874777 0.999692078874777 0.999707997131578 0.999222846475849
"413" 0.231654329950311 0.234526770233201 0.309227399778857 0.500644777423575 0.500644777423575 0.595830973852702 0.595830973852702 0.29880879174815 0.227149912861648
"414" 0.0798096049111497 0.0830078924851573 0.102950670251193 0.182712760313948 0.182712760313948 0.255322117274355 0.255322117274355 0.0973505692219532 0.07729062740496
"415" 0.304222309660915 0.299827441383013 0.427602835205022 0.609137598535313 0.609137598535313 0.805613781649681 0.805613781649681 0.540812701254918 0.34553740655363
"416" 0.376740864920812 0.380486037825023 0.548481978877889 0.769561295817014 0.769561295817014 0.900577821491145 0.900577821491145 0.644812608687871 0.420827969589869
"417" 0.053183248162702 0.0550562662078 0.0575016673739293 0.115877092256718 0.115877092256718 0.312814699180119 0.312814699180119 0.0904737105929406 0.0565167680722317
"418" 0.398689708620351 0.431644877741895 0.741152771684869 0.667723914225104 0.667723914225104 0.698174743311582 0.698174743311582 0.663751428109357 0.412611748882339
"419" 0.55578277529219 0.544161459391096 0.792456969307384 0.886288639099119 0.886288639099119 0.909168325308542 0.909168325308542 0.895391119101543 0.686428765680379
"420" 0.9972165797435 0.998469768305197 0.980422181310593 0.9999112347136 0.9999112347136 0.999762425357967 0.999762425357967 0.99979072463723 0.998371847869361
"421" 0.801247077055043 0.921981419241168 0.963149775584444 0.956499098178372 0.956499098178372 0.956815431833131 0.956815431833131 0.956438466023253 0.930373727803931
"422" 0.979511772642394 0.976734104512188 0.96234520452449 0.987360082866492 0.987360082866492 0.98762966465778 0.98762966465778 0.985990761115543 0.964438430464753
"423" 0.392954049278242 0.405494456678504 0.471273211082334 0.72654881189486 0.72654881189486 0.735619809265544 0.735619809265544 0.696026022821134 0.482503620526465
"424" 0.976952248458623 0.980348828228858 0.953501493875021 0.989405528238664 0.989405528238664 0.996688528587356 0.996688528587356 0.987441458653874 0.973548294621199
"425" 0.833371102616231 0.823828666783953 0.835570386504221 0.882773437583697 0.882773437583697 0.988930118771282 0.988930118771282 0.892146609126449 0.799735797069599
"426" 0.571154225089264 0.737854120056308 0.867650943887012 0.885211201089697 0.885211201089697 0.888205817242774 0.888205817242774 0.739452961459852 0.661926819751133
"427" 0.307973584943989 0.339848554060916 0.381614059500612 0.648747641772231 0.648747641772231 0.744879285731559 0.744879285731559 0.719360292738134 0.419120030566368
"428" 0.990007847968512 0.994222180160511 0.963751471118786 0.995475535636465 0.995475535636465 0.99889213062534 0.99889213062534 0.99600813833185 0.977003075805363
"429" 0.968101618380715 0.970559539210813 0.963555813514998 0.976578544315841 0.976578544315841 0.977299218350795 0.977299218350795 0.975558625575904 0.96669170090955
"430" 0.228053570182511 0.242910110408043 0.291005954790461 0.602241758072119 0.602241758072119 0.839500135158619 0.839500135158619 0.399406388368196 0.278338285408878
"431" 0.103256837171412 0.109421748436408 0.123423623402269 0.242426484901826 0.242426484901826 0.287503954584566 0.287503954584566 0.127737631975729 0.0994625381598456
"432" 0.499858255094022 0.518328243063588 0.53738746635598 0.845648436542986 0.845648436542986 0.882174500210891 0.882174500210891 0.870319209965877 0.601485704468172
"433" 0.21210544127632 0.231027300162031 0.290020000721735 0.562699828004045 0.562699828004045 0.959325465668319 0.959325465668319 0.474175247500223 0.232187421230693
"434" 0.197233468082706 0.208644915494113 0.254599742670624 0.374785736048004 0.374785736048004 0.495520188351707 0.495520188351707 0.377745235080291 0.246297950122725
"435" 0.058270004380453 0.0650264469419803 0.0630024834172708 0.111822896807563 0.111822896807563 0.141137628175495 0.141137628175495 0.0692774718722003 0.0621518104340046
"436" 0.101044672472361 0.0982065925503341 0.115508874517641 0.183646555789292 0.183646555789292 0.220909475746901 0.220909475746901 0.111771372149713 0.0992923207671921
"437" 0.042974901088967 0.0439423121801705 0.0584415809914329 0.100317260235239 0.100317260235239 0.19238487499198 0.19238487499198 0.0577211228417266 0.0421417000114867
"438" 0.831582676444172 0.869322394936477 0.947063183311154 0.921721267152691 0.921721267152691 0.925635513309625 0.925635513309625 0.917455547414839 0.839188649378283
"439" 0.185174112607185 0.206370920651938 0.251764593824027 0.510057767159713 0.510057767159713 0.782042479719046 0.782042479719046 0.449721785063474 0.202234249869953
"440" 0.805934318385507 0.750850040475279 0.89914287375675 0.905652912617419 0.905652912617419 0.910562454517108 0.910562454517108 0.910486735460795 0.833200501983739
"441" 0.995626743666655 0.997104696205849 0.964274291815567 0.999210479347379 0.999210479347379 0.999555924482813 0.999555924482813 0.999577223687434 0.996771553181089
"442" 0.937115981234914 0.954230247394149 0.966352432139474 0.956486079278663 0.956486079278663 0.958300206442135 0.958300206442135 0.956715253424947 0.955519730818733
"443" 0.751591792825831 0.800025243651768 0.851148180686897 0.860555882723748 0.860555882723748 0.995798545545214 0.995798545545214 0.84696509198178 0.711033527939975
"444" 0.526798104962713 0.500767014856397 0.684388589153705 0.774907065729246 0.774907065729246 0.815088500812874 0.815088500812874 0.720968282076648 0.538007822247051
"445" 0.159975470374648 0.166009679358293 0.215614054702921 0.432021122603508 0.432021122603508 0.657123849109822 0.657123849109822 0.324799958247281 0.189108068171423
"446" 0.494216438716864 0.655834347334754 0.786378395074036 0.946291636987275 0.946291636987275 0.949286925835597 0.949286925835597 0.683998981408102 0.464858251166288
"447" 0.102146901713702 0.111215914862508 0.225892324865806 0.310118768312379 0.310118768312379 0.38988574465497 0.38988574465497 0.205301989911509 0.105065042261208
"448" 0.110494716811113 0.108074612655448 0.154053856445588 0.353943166863627 0.353943166863627 0.47276450992435 0.47276450992435 0.196671569863577 0.104850519108575
"449" 0.99805214837844 0.998909962358077 0.987104728804194 0.999958962171684 0.999958962171684 0.999502629751172 0.999502629751172 0.999822810673983 0.99980009278644
"450" 0.0593749357291949 0.0593776337842093 0.0832070354655707 0.163094880940632 0.163094880940632 0.215838438652966 0.215838438652966 0.0830897641003129 0.0579722731595161
"451" 0.073709328436635 0.0716332500723384 0.0768363297746791 0.105980144917839 0.105980144917839 0.135681498139294 0.135681498139294 0.07615624084808 0.0719116488957015
"452" 0.989986004219026 0.990741314636588 0.963659630489244 0.99159512997042 0.99159512997042 0.999594536537348 0.999594536537348 0.994903859647 0.987890902576312
"453" 0.99923591046973 0.99938840913142 0.99395054668946 0.999729010904008 0.999729010904008 0.999956044421026 0.999956044421026 0.9997353347522 0.999417590937665
"454" 0.916004028372904 0.918247476075861 0.928292889214623 0.920329831564332 0.920329831564332 0.921132634796956 0.921132634796956 0.920667153313355 0.920523248104994
"455" 0.965661277937671 0.994377117719641 0.983224610282781 0.998088562628044 0.998088562628044 0.99792905801955 0.99792905801955 0.997952165063156 0.994148566854527
"456" 0.981518922848 0.983226684113786 0.95691442385103 0.991879993645849 0.991879993645849 0.995625950045832 0.995625950045832 0.987265501097592 0.976847141380808
"457" 0.262669361323967 0.286939500713775 0.333597090315799 0.676720472992757 0.676720472992757 0.862598987209052 0.862598987209052 0.488798476885427 0.277154930220596
"458" 0.777916586044286 0.732350551651895 0.924243157259545 0.930793860279815 0.930793860279815 0.954537398826876 0.954537398826876 0.936589395885113 0.854098921157725
"459" 0.976682477010488 0.979991593422954 0.947275847444216 0.982246023508115 0.982246023508115 0.999529655881883 0.999529655881883 0.987629334428854 0.972055415124915
"460" 0.624704471605232 0.639933299795495 0.759310453334119 0.948405008026604 0.948405008026604 0.971401056196213 0.971401056196213 0.948999856630561 0.692344594443777
"461" 0.934863789430785 0.972777620388197 0.972554924065193 0.990897411554548 0.990897411554548 0.990777737879235 0.990777737879235 0.964572487246927 0.918585553865255
"462" 0.448051672201561 0.48063928432538 0.590576251383749 0.752381664040134 0.752381664040134 0.897715650553959 0.897715650553959 0.537653970960768 0.416795769736838
"463" 0.989910959776222 0.990460058050453 0.971092927566384 0.994265720969867 0.994265720969867 0.99778499603076 0.99778499603076 0.99276288252609 0.98826963478824
"464" 0.410460903914812 0.422348490363089 0.640515570750227 0.749378410181097 0.749378410181097 0.764861115184683 0.764861115184683 0.720416301246457 0.466785167020838
"465" 0.0401785124397027 0.0419533433272781 0.0437309004523447 0.0816870855232947 0.0816870855232947 0.10658871453891 0.10658871453891 0.0477400648447303 0.0419264768994028
"466" 0.972421000600558 0.955799618038909 0.982725777458519 0.995087956356929 0.995087956356929 0.995838936366726 0.995838936366726 0.995174330931955 0.968034412922141
"467" 0.991246027768802 0.992812556354895 0.96000228594005 0.995652745350602 0.995652745350602 0.999603218342955 0.999603218342955 0.997253580504471 0.993255557885192
"468" 0.803679545103135 0.902171069926978 0.925081683495396 0.945482023607854 0.945482023607854 0.945601512786588 0.945601512786588 0.889578944590506 0.785724666882963
"469" 0.459444104439225 0.496261129860564 0.618465669625033 0.767119434237013 0.767119434237013 0.904155987600651 0.904155987600651 0.553854464800108 0.423215660838598
"470" 0.937575691532816 0.959202209919166 0.965303274633761 0.960392677879145 0.960392677879145 0.961518487933199 0.961518487933199 0.960592060364322 0.959167379185141
"471" 0.258667118351553 0.266026515480857 0.337701192408461 0.479615175691939 0.479615175691939 0.69100587234873 0.69100587234873 0.294562652445683 0.244815429136591
"472" 0.959640549554111 0.986477220054004 0.958805515637953 0.991033725399418 0.991033725399418 0.992932830073819 0.992932830073819 0.990440607680578 0.94186259003811
"473" 0.0992153080493822 0.123778506942972 0.257906325250004 0.327046817861694 0.327046817861694 0.432075762843787 0.432075762843787 0.233234742986129 0.108298837998469
"474" 0.972017620113124 0.966879869925302 0.938668657803731 0.969422869702351 0.969422869702351 0.998678539985518 0.998678539985518 0.980487861205703 0.958598991069127
"475" 0.995905302174011 0.997353565279602 0.966623531558002 0.999450079639369 0.999450079639369 0.999588017801838 0.999588017801838 0.999018005588564 0.994252297376367
"476" 0.995457773679122 0.997199096835715 0.96949500666619 0.999622336622832 0.999622336622832 0.999500086117411 0.999500086117411 0.999489703585412 0.998658156870522
"477" 0.358136198934877 0.385818998063053 0.509848573358427 0.789732007297354 0.789732007297354 0.794207638880261 0.794207638880261 0.645783524901426 0.361243622449016
"478" 0.748781929764876 0.750575103168871 0.901924386283757 0.898788389816444 0.898788389816444 0.899805462742455 0.899805462742455 0.809824665499339 0.813665797885067
"479" 0.993616477254451 0.99476334571146 0.964084448058212 0.99963203340013 0.99963203340013 0.999325729345554 0.999325729345554 0.999225293841449 0.99807389353997
"480" 0.876942599180486 0.900880643921692 0.958734445907595 0.938091747544236 0.938091747544236 0.938375629858284 0.938375629858284 0.936982214383015 0.914226907597555
"481" 0.982903282309304 0.989212458730803 0.963825411881122 0.996979343315174 0.996979343315174 0.996383450645526 0.996383450645526 0.996420465112983 0.996803580762292
"482" 0.469173506214448 0.479951431859796 0.653764039548545 0.890977087159939 0.890977087159939 0.895192089909243 0.895192089909243 0.770833553444198 0.541900508444914
"483" 0.0640647708287138 0.0631765245079813 0.0788713300060263 0.171034318707639 0.171034318707639 0.310147594906621 0.310147594906621 0.100335423546702 0.062789130547543
"484" 0.394131929808719 0.406034738678137 0.597707654351348 0.79465549307346 0.79465549307346 0.810809777188335 0.810809777188335 0.667016031784733 0.427973130055118
"485" 0.985083978663748 0.985583287600304 0.953912831621141 0.988088436738182 0.988088436738182 0.99953592146125 0.99953592146125 0.991555981019067 0.981649408747448
"486" 0.0519648800264882 0.0579242705578907 0.0904952850919946 0.184149083689472 0.184149083689472 0.293864604845581 0.293864604845581 0.119883570605977 0.0589263949014724
"487" 0.9958768626862 0.997436591419395 0.984169007963779 0.997849619555207 0.997849619555207 0.997643338381137 0.997643338381137 0.997705207038465 0.971418516458219
"488" 0.353100484806029 0.361445651984661 0.475661161742015 0.788479738866565 0.788479738866565 0.799300467974061 0.799300467974061 0.800578071950453 0.490979246846521
"489" 0.142463178860722 0.14814059626917 0.185187194226878 0.381111753747607 0.381111753747607 0.605182897948711 0.605182897948711 0.306168154924262 0.166998128443317
"490" 0.268737922060398 0.294981167591145 0.516818085019537 0.623310720739408 0.623310720739408 0.646900310280586 0.646900310280586 0.503155460853644 0.303001233679247
"491" 0.441293011278669 0.425037352655309 0.670133693003424 0.765009550106788 0.765009550106788 0.761297716931695 0.761297716931695 0.707033079902189 0.472667069723775
"492" 0.97808931999687 0.966474898003042 0.957230982853926 0.989788053565928 0.989788053565928 0.989899279753817 0.989899279753817 0.987006728185772 0.978532002331049
"493" 0.916267303177122 0.976833375998106 0.950436286211543 0.982797423812401 0.982797423812401 0.982999529114956 0.982999529114956 0.960983792306292 0.912218573001573
"494" 0.504947229353785 0.557045258348951 0.642270666008144 0.837374531530183 0.837374531530183 0.862860060699597 0.862860060699597 0.849436848583612 0.644046472714617
"495" 0.571855030880768 0.53383020192115 0.730617310030588 0.732983692614001 0.732983692614001 0.771982177668181 0.771982177668181 0.697863049845453 0.551526501649313
"496" 0.991808788410091 0.993403545159281 0.962589838671839 0.998859838818251 0.998859838818251 0.998257871065933 0.998257871065933 0.998067148370914 0.996330619519815
"497" 0.995901526617045 0.997014646670825 0.970113095179325 0.999609642621646 0.999609642621646 0.998237876261079 0.998237876261079 0.999224985477066 0.999103579990557
"498" 0.309447630099107 0.295023206790155 0.369786612436459 0.712698558108646 0.712698558108646 0.879392001993565 0.879392001993565 0.483737651841375 0.334104083425751
"499" 0.152692158697691 0.201729047821112 0.340558486391122 0.580757844210977 0.580757844210977 0.590033393459756 0.590033393459756 0.380644186368717 0.198684468092012
"500" 0.997396613519012 0.99855910331822 0.98217972785867 0.999984019120711 0.999984019120711 0.999760413400145 0.999760413400145 0.999756363601214 0.999666812516167
"501" 0.596075143601624 0.577924848152614 0.745883264100745 0.839032657852279 0.839032657852279 0.891280810011604 0.891280810011604 0.791118961677862 0.636661363555714
"502" 0.511638153835615 0.475737415175261 0.753595686763861 0.816402240297537 0.816402240297537 0.801661062407901 0.801661062407901 0.819503133196187 0.64486495401403
"503" 0.530622848460294 0.539801522790352 0.751616808421328 0.793183366894108 0.793183366894108 0.804064405923781 0.804064405923781 0.778043570579949 0.564653842459189
"504" 0.990902288660973 0.987859813973904 0.987171708400351 0.993078123670355 0.993078123670355 0.999087714657778 0.999087714657778 0.994858825882648 0.988765155271586
"505" 0.0636602651173102 0.0666026928460348 0.0703475929477989 0.1222247792471 0.1222247792471 0.256292230768019 0.256292230768019 0.117174521990196 0.0673009843298427
"506" 0.461375263141761 0.488427809909285 0.567541303106148 0.828017876413746 0.828017876413746 0.871364455334394 0.871364455334394 0.647739329368576 0.419603306584153
"507" 0.920401038092819 0.893390206107107 0.946561078073859 0.973135404571531 0.973135404571531 0.977996366062473 0.977996366062473 0.972618010098416 0.935058919551512
"508" 0.914720844916832 0.890656002803365 0.954441573132925 0.968092122644083 0.968092122644083 0.973848887992386 0.973848887992386 0.969255269631072 0.930776828198165
"509" 0.651178273866101 0.660796771046369 0.811079486635522 0.900465307590172 0.900465307590172 0.938719612932739 0.938719612932739 0.867065877018084 0.702492961813456
"510" 0.988461480711972 0.97883042132048 0.960117787396864 0.975883652146867 0.975883652146867 0.976434784816427 0.976434784816427 0.981712527612526 0.991608001303561
"511" 0.366348791434797 0.373855388542599 0.539244060097335 0.748931281647156 0.748931281647156 0.7810584737827 0.7810584737827 0.597578901451818 0.360813562827399
"512" 0.995952134251818 0.988206928562494 0.973876664380118 0.998875457288017 0.998875457288017 0.998640803590969 0.998640803590969 0.998692311422829 0.999123689484592
"513" 0.966227410259135 0.972756677213587 0.96406401127213 0.976130752177038 0.976130752177038 0.975816843760772 0.975816843760772 0.973367945025886 0.973206131110948
"514" 0.348638405476969 0.362338717284099 0.630249337314433 0.783256306308 0.783256306308 0.79424590106725 0.79424590106725 0.69923580900317 0.44126755005496
"515" 0.996032582014839 0.975830758674043 0.974239106452401 0.99968094886262 0.99968094886262 0.999440911999137 0.999440911999137 0.999446950120869 0.999145719364002
"516" 0.998319259012474 0.999164694209469 0.988280885595029 0.999915958200868 0.999915958200868 0.999851455962739 0.999851455962739 0.999878795017511 0.999535690408419
"517" 0.995832392537469 0.997135169645676 0.965299352531622 0.999667840738343 0.999667840738343 0.999361696547663 0.999361696547663 0.999426927012805 0.994477797233909
"518" 0.994883087160979 0.996111519779272 0.964629155393852 0.999778638676329 0.999778638676329 0.99939144992936 0.99939144992936 0.999023857921232 0.998320610933155
"519" 0.503015567856118 0.546074328350215 0.618437361382019 0.656319367509546 0.656319367509546 0.896686089634404 0.896686089634404 0.65475728569797 0.465877638783131
"520" 0.968195348808631 0.931071030052752 0.926252232291561 0.970445544002093 0.970445544002093 0.970393975814205 0.970393975814205 0.970319084427959 0.970321098227381
"521" 0.578438798638087 0.566872712678268 0.785130191727052 0.887660752570496 0.887660752570496 0.89927681459338 0.89927681459338 0.882416393276202 0.724239735655908
"522" 0.282917052125136 0.288242212546684 0.348726983078029 0.652631498175869 0.652631498175869 0.965705683761904 0.965705683761904 0.43239252404128 0.315470728482919
"523" 0.59886590252938 0.81968634837589 0.89005020427425 0.913988025574541 0.913988025574541 0.913906036120727 0.913906036120727 0.811019493034106 0.696784221918766
"524" 0.237054434968003 0.24013770347493 0.29967641713489 0.51509874851625 0.51509874851625 0.771950221258129 0.771950221258129 0.422163801821079 0.267169074333857
"525" 0.341028188251104 0.345077376160551 0.479768438504879 0.685871455290824 0.685871455290824 0.866449311990094 0.866449311990094 0.572476688881514 0.397313099830697
"526" 0.0938692758938553 0.0954727482271493 0.0942605711154435 0.115013864049357 0.115013864049357 0.204553205024913 0.204553205024913 0.114484968230744 0.10090827232458
"527" 0.0115156001709535 0.0170628391076497 0.0156423854670638 0.011450395272291 0.011450395272291 0 0 0 0.00557751222063468
"528" 0 0 0 0 0 0 0 0 0
"529" 0.372322435023707 0.367884968347279 0.348069178937585 0.421307745391668 0.421307745391668 0.859425223705321 0.859425223705321 0.504728276178013 0.409808676432143
"530" 0.390554905441756 0.391272356389486 0.357886092547352 0.497923373113507 0.497923373113507 0.643354447057175 0.643354447057175 0.463253345869413 0.380868388691588
"531" 0.459142448066677 0.505239550576045 0.450346943782687 0.656770793687204 0.656770793687204 0.910194725614189 0.910194725614189 0.618127365104557 0.507301370280599
"532" 0.227731009640036 0.244728868552002 0.224069619897502 0.361126919027662 0.361126919027662 0.572892361966377 0.572892361966377 0.288526212033224 0.2322318970839
"533" 0 0 0 0 0 0 0 0 0
"534" 0.340479447190937 0.373327158231419 0.316752840790376 0.542747000596874 0.542747000596874 0.755506144579212 0.755506144579212 0.467136147191864 0.353309759770339
"535" 0.696032733787912 0.659359402146866 0.633141096843843 0.809922076737539 0.809922076737539 0.874437225327791 0.874437225327791 0.745273415285634 0.704392168253003
"536" 0.33952392817256 0.361410962054392 0.320140037528093 0.445590938115692 0.445590938115692 0.645869150059033 0.645869150059033 0.413681137835508 0.348649677072853
"537" 0.808859436451523 0.800029678373653 0.798424275759532 0.96753972020354 0.96753972020354 0.991123318879956 0.991123318879956 0.926477076252209 0.856254392444703
"538" 0.0145470510350862 0.0149956819210159 0.014735323495512 0.0218060618255684 0.0218060618255684 0.0303064995233141 0.0303064995233141 0.0188658963569915 0.0148070329937487
"539" 0.132475730567632 0.137990242208941 0.133655814586963 0.199784378064269 0.199784378064269 0.356560376668497 0.356560376668497 0.153557494408678 0.128932903201243
"540" 0.102700248315582 0.111187281993398 0.104376526990952 0.152840462075016 0.152840462075016 0.276797880522088 0.276797880522088 0.119660959955316 0.1003899313509
"541" 0.837055445944177 0.829016111015276 0.800980776859363 0.972519145474746 0.972519145474746 0.988839761987304 0.988839761987304 0.933622858707218 0.841825490955743
"542" 0.0480279301359417 0.0488108347413739 0.0484656309248118 0.0540716840879715 0.0540716840879715 0.0666637901589582 0.0666637901589582 0.0414106255258621 0.0466882678093876
"543" 0.289936253260756 0.296849855975405 0.287719227139764 0.401934747568507 0.401934747568507 0.412496374015011 0.412496374015011 0.320810982759559 0.290725685370056
"544" 0.00385150748304338 0.00478339457763973 0.00451579195865241 0.00395430373283359 0.00395430373283359 0 0 0 0.00297078628293263
"545" 0 0 0 0 0 0 0 0 0
"546" 0.708750996272704 0.725667503390674 0.712318163719243 0.973015928249886 0.973015928249886 0.888737252707785 0.888737252707785 0.871773087321973 0.735851860826334
"547" 0.251254247258231 0.254586478464381 0.242030292854272 0.264775210839086 0.264775210839086 0.458122825431022 0.458122825431022 0.275700637024644 0.26012659635176
"548" 0 0 0 0 0 0 0 0 0
"549" 0.0471658481220762 0.0494253261866515 0.0474018065080147 0.0714846216148776 0.0714846216148776 0.0899087001229005 0.0899087001229005 0.0518125035807175 0.0463433369170929
"550" 0.315463684606231 0.350438284805507 0.307670408503714 0.502236720250084 0.502236720250084 0.749313330459092 0.749313330459092 0.404428946838344 0.3280907115126
"551" 0.553926497923201 0.569297106496145 0.53562731509825 0.688930959863646 0.688930959863646 0.764636077599353 0.764636077599353 0.632773425046012 0.56918967640803
