"V1" "V2" "V3" "V4" "V5" "V6" "V7" "V8" "V9"
"1" 0.0140670566388842 0.0140520841458108 0.0212223348581762 0.0312625517429407 0.0312625517429407 0.11696071521375 0.11696071521375 0.0275179737303551 0.0148891464253601
"2" 0.0110868368813345 0.0129441044739691 0.0373624616895121 0.0303099796912685 0.0303099796912685 0.025849042829897 0.025849042829897 0.01058311925991 0.00997434406416339
"3" 0.0227967328878278 0.0239086273191338 0.0431197974560156 0.0639065829114663 0.0639065829114663 0.100058719470501 0.100058719470501 0.0424311738172604 0.0271749998677277
"4" 0.0638379679225935 0.0663573432353127 0.0485578878786947 0.184344789819408 0.184344789819408 0.372764682128359 0.372764682128359 0.139739360572105 0.0742827286743993
"5" 0.046927277571386 0.0479530024642097 0.047219171533284 0.13982713993804 0.13982713993804 0.273733524981676 0.273733524981676 0.122152681937917 0.0627084242521625
"6" 0.0531244898728353 0.0489365817346557 0.0408618732176892 0.113758597057576 0.113758597057576 0.228986071381807 0.228986071381807 0.106975499615889 0.0614923752208217
"7" 0.00659451941088731 0.00718109839756364 0.0200149102825614 0.0170269709416373 0.0170269709416373 0.0266810099514148 0.0266810099514148 0.012180167151889 0.00840596076770348
"8" 0.0676035551226481 0.0649326625218878 0.0416346653158364 0.124770608345077 0.124770608345077 0.192924157558932 0.192924157558932 0.135853097950549 0.0929726273904015
"9" 0.0169406288917057 0.0169091279496945 0.0403179451238129 0.0354890978606362 0.0354890978606362 0.0857756611622233 0.0857756611622233 0.027629528369907 0.018289167227571
"10" 0.0373072854428163 0.0379745534301621 0.0427358768948673 0.0795334333994222 0.0795334333994222 0.136640280092508 0.136640280092508 0.0782678798915385 0.0490272529401667
"11" 0.0426268106618651 0.0425114283048817 0.0455007425773773 0.114484850563907 0.114484850563907 0.192267439662597 0.192267439662597 0.0871448079565292 0.0496645085357663
"12" 0.0503003722499165 0.0527917655978403 0.0463284004266713 0.136514881814082 0.136514881814082 0.28959069524315 0.28959069524315 0.114525195853544 0.0609517479886483
"13" 0.00776829867523454 0.00841242137682398 0.0334000462721213 0.00770751335046973 0.00770751335046973 0.00752433512350403 0.00752433512350403 0.00733356194336998 0.00692037271367314
"14" 0.0352035024866624 0.0357529371956288 0.0405288326909071 0.084557919380359 0.084557919380359 0.15664290705861 0.15664290705861 0.0608120476433238 0.0407356981520666
"15" 0.025347911492579 0.0267590572129403 0.0448679801385991 0.0606534658454009 0.0606534658454009 0.130952604494159 0.130952604494159 0.0479495406821467 0.0309239669628962
"16" 0.000565077694251913 0.00108348177324297 0.030263144488907 6.26358202792777e-05 6.26358202792777e-05 0 0 0 8.23507316101711e-05
"17" 0.0365484403359976 0.0350335191534745 0.0424369662864229 0.0943581136652021 0.0943581136652021 0.241683045138852 0.241683045138852 0.0821553053531278 0.0437391294776791
"18" 0 0 0.0330689508104 0 0 0.000796791379025633 0.000796791379025633 0 0
"19" 0.0335823522084891 0.0340998484298786 0.0450501280457266 0.0804188198017406 0.0804188198017406 0.161616716283063 0.161616716283063 0.0645497789675411 0.0404893971822342
"20" 0.061027798171469 0.0602469048573936 0.0494872260940021 0.115572236179392 0.115572236179392 0.122366217188197 0.122366217188197 0.115022365648103 0.079161974501635
"21" 0.0704646630243755 0.0703691378555295 0.0676261339076064 0.0831175355596158 0.0831175355596158 0.0835193409332796 0.0835193409332796 0.0783960348634896 0.0694024244815503
"22" 0.0237377130596559 0.0228426969669352 0.0465811283927431 0.0413887669049017 0.0413887669049017 0.0598212306514896 0.0598212306514896 0.0410787064055614 0.0221161090143221
"23" 0.0103023170548455 0.0112507589029455 0.039656245929399 0.0264527557593217 0.0264527557593217 0.0348859149960523 0.0348859149960523 0.0112091041425146 0.00945471264855289
"24" 0 0 0.0328394313632868 0 0 0 0 0 0
"25" 0.00101105836179748 0.00297992339896588 0.035192851750681 0 0 0.00927763325734065 0.00927763325734065 0 0
"26" 0.0412176868705934 0.0390696195866707 0.0350561005362398 0.0422448892692058 0.0422448892692058 0.043521938718191 0.043521938718191 0.0427700876417654 0.0413859612562686
"27" 0.00465231478344427 0.00732302229661437 0.0322074691921377 0.00130996852126476 0.00130996852126476 0.00593995792366314 0.00593995792366314 0 0.00151213848263193
"28" 0.0488015827944214 0.0434390473705536 0.0427021411842178 0.0629345366420577 0.0629345366420577 0.0634681634592426 0.0634681634592426 0.0615366311777853 0.0540234844906427
"29" 0.069411064025135 0.0627628267302018 0.0679796052422264 0.0885876569916881 0.0885876569916881 0.0914108231617778 0.0914108231617778 0.0893686841976334 0.0721707574739852
"30" 0.0261620715536044 0.0255121215184148 0.0445480360305325 0.0556568008816032 0.0556568008816032 0.0727048935856139 0.0727048935856139 0.0488089970089443 0.0291164518309085
"31" 0.0606391391748638 0.0614609983400581 0.0359444358282189 0.0661149010499373 0.0661149010499373 0.064959140475656 0.064959140475656 0.0668187639451363 0.0637153971231873
"32" 0.0702016282647504 0.0742202882970247 0.0382394798033504 0.0793947884425362 0.0793947884425362 0.0793954429776825 0.0793954429776825 0.0799909871487672 0.0749036914548167
"33" 0.00759191466953419 0.00921298271387839 0.0370136226525222 0.0144222398154584 0.0144222398154584 0.0175645598406396 0.0175645598406396 0.00780434285464922 0.00679894525859049
"34" 0.0393781030908986 0.0383627586700061 0.042172987219553 0.0974836220149327 0.0974836220149327 0.113428571623664 0.113428571623664 0.0932692448670403 0.0535760225121687
"35" 0.0106373728795957 0.00814458523214797 0.0327426783202458 0.00829691531163325 0.00829691531163325 0.00828681897944258 0.00828681897944258 0.00858892426291264 0.00986800459525683
"36" 0.083815992710644 0.0838150016222031 0.0500498182048151 0.235665658602047 0.235665658602047 0.326169689764458 0.326169689764458 0.148926434878461 0.0838052315612073
"37" 0.0174162330474267 0.0234510015103034 0.0493533246019942 0.0309471613813374 0.0309471613813374 0.0329220401686466 0.0329220401686466 0.0232725254949982 0.0170038684466914
"38" 0.0747788709937736 0.0751801097377401 0.0527965251159895 0.168740422188958 0.168740422188958 0.168577204828768 0.168577204828768 0.107805963620466 0.0842237603577429
"39" 0.00109157146794598 0.00139328018170478 0.0342018835978935 0.000951200021049733 0.000951200021049733 0.000806276433230236 0.000806276433230236 0.000867116267511905 0.000869205446496518
"40" 0.00621840474248361 0.00657888951279793 0.0356012990912845 0.00684891012812616 0.00684891012812616 0.00597585548172074 0.00597585548172074 0.00793343710953271 0.0057928894434867
"41" 0.097572801750695 0.0993673280056208 0.0380416951880493 0.106975761908248 0.106975761908248 0.107415747156909 0.107415747156909 0.107191286777157 0.102163882722233
"42" 0.0350824083358343 0.0351260790048575 0.0405648682929745 0.0756596559493585 0.0756596559493585 0.186777233564095 0.186777233564095 0.0560098603964251 0.0372756282852012
"43" 0.0472874567490059 0.0459952384480905 0.046908180466007 0.100577338089541 0.100577338089541 0.106928163651711 0.106928163651711 0.0782433730472202 0.0558087535501043
"44" 0 0 0.0262786356202365 0 0 0 0 0 0
"45" 0.000799972294889256 0.00110438736109385 0.0329770949555386 0.000207897835223728 0.000207897835223728 0 0 0 0.000174541039498657
"46" 0.0169405807495182 0.0180324291356193 0.0371922631477271 0.0306436035311163 0.0306436035311163 0.0802928537779652 0.0802928537779652 0.0298567719501451 0.0182647187703591
"47" 0.0588403742468266 0.0629497329762625 0.05129346963146 0.152990302490378 0.152990302490378 0.190258493992099 0.190258493992099 0.11463231015113 0.0600609033379196
"48" 0.041452192851866 0.0431859803300997 0.0467807870111373 0.117526304280723 0.117526304280723 0.184518021136881 0.184518021136881 0.0923473990486546 0.050472850842564
"49" 0.00344240836752903 0.0194155544253333 0.0390395307320759 0.0141450759637121 0.0141450759637121 0.00824731039228608 0.00824731039228608 0.0224824360729624 0.00237580473424076
"50" 0.00195118931913488 0.00210753945879692 0.0103095468802328 0.00214257950197407 0.00214257950197407 0.00200278724562484 0.00200278724562484 0.00220394352326758 0.00337461903574154
"51" 0.0425120633314229 0.0434814910450378 0.0477280331798993 0.114451945045452 0.114451945045452 0.175699635330607 0.175699635330607 0.0538987530244463 0.0413265345862839
"52" 0.0781746783361888 0.0772284089313726 0.0422321722497838 0.133809322715511 0.133809322715511 0.197376973900079 0.197376973900079 0.155409796998278 0.0937276419971068
"53" 0.0119599609913386 0.0122582611862524 0.0285927874919079 0.0289235794611393 0.0289235794611393 0.0793232562177786 0.0793232562177786 0.0229868428433806 0.0124249372562009
"54" 0.0758998262777591 0.0749083069757007 0.0408212274757591 0.0928927953330315 0.0928927953330315 0.0941507405992419 0.0941507405992419 0.0913203347345456 0.0817410357967047
"55" 0.0649861693341546 0.0651934012088991 0.0490541897387175 0.150284149389548 0.150284149389548 0.155504067909044 0.155504067909044 0.12989290780985 0.0828099863682885
"56" 0.00806341523869249 0.00949146928341046 0.0435366867320837 0.0209828296372602 0.0209828296372602 0.0474047817864579 0.0474047817864579 0.00878532799550973 0.00724581851095853
"57" 0.00750212269105315 0.0082184186776469 0.0342929004611194 0.0249954211173849 0.0249954211173849 0.032351223673517 0.032351223673517 0.0134148771601588 0.00810576619929978
"58" 0.00155477856459426 0.00161580408853135 0.0145711387845747 0.0015891883828658 0.0015891883828658 0.0015514563254527 0.0015514563254527 0.00189131270414826 0.00156996865713906
"59" 0.0936090995535027 0.0872643767032658 0.0885879637250114 0.172626279732223 0.172626279732223 0.176549417591686 0.176549417591686 0.154902830546294 0.109738824868917
"60" 0.0626270546867585 0.0644537683905974 0.049315920095528 0.126761953186721 0.126761953186721 0.124494183283708 0.124494183283708 0.110918762160413 0.0790714099902967
"61" 0.0403321957644582 0.0412039911454808 0.040115794456788 0.0788701549290469 0.0788701549290469 0.0809349081566937 0.0809349081566937 0.0732018936427951 0.0491868225434623
"62" 0.0156072376791762 0.0170391770103937 0.046438692808869 0.0422758978232281 0.0422758978232281 0.0606799069542171 0.0606799069542171 0.0293352615380583 0.0186024690003159
"63" 0.0123527652348199 0.0135239046788433 0.0411925261664957 0.0212536729328458 0.0212536729328458 0.0316429167777448 0.0316429167777448 0.0126983201552073 0.01176304883934
"64" 0.0136381288371533 0.014467689849349 0.020586530701114 0.014737824206842 0.014737824206842 0.0147325814798117 0.0147325814798117 0.0143126955735522 0.0138362994081538
"65" 0 0.00135508678397244 0.0327588841425172 0.00281642582588834 0.00281642582588834 0 0 0.00228925495496655 0
"66" 0.0253886884502154 0.0267011353561651 0.0420325368008922 0.0704676696250283 0.0704676696250283 0.092402550989171 0.092402550989171 0.0515796757696931 0.0304189814539164
"67" 0.0810681699096616 0.0833104688643768 0.0454621938658057 0.184724793518271 0.184724793518271 0.300365091936887 0.300365091936887 0.179725141383273 0.100251851961719
"68" 0.0124131476594112 0.012724552127828 0.0335404964722789 0.0128335612642265 0.0128335612642265 0.0125130092655428 0.0125130092655428 0.0135294768700563 0.0123344994418128
"69" 0 0.000346203081758113 0.038302200214105 0 0 0 0 0 0
"70" 0.0363631863726707 0.0349075137663846 0.0367732724631864 0.0794622760757027 0.0794622760757027 0.10964459480396 0.10964459480396 0.0418888156072573 0.0370578987843195
"71" 0.000327206211449652 0.000372472409388904 0.0138239972215909 3.35514800797121e-05 3.35514800797121e-05 1.4863832844894e-06 1.4863832844894e-06 3.82527329279887e-05 0.00019465886111349
"72" 0 0 0.0358928335320058 0 0 0 0 0 0
"73" 0.0330243441875383 0.0375816385229128 0.0430782672990179 0.046750376065363 0.046750376065363 0.0482689609058132 0.0482689609058132 0.0399698154559115 0.0331350793386243
"74" 0.00111218696129868 0.00123545447830925 0.00815869052845527 0.00203199699090814 0.00203199699090814 0.00282826326185819 0.00282826326185819 0.00132772679358359 0.00112633362633392
"75" 0.0302403870834303 0.0300866946844603 0.0382075108969622 0.0570344779981225 0.0570344779981225 0.0903937125873007 0.0903937125873007 0.0497035659023314 0.0330817782062131
"76" 0.00541794509767162 0.00559473269383354 0.0450028996038489 0.0100031054053123 0.0100031054053123 0.011255943434228 0.011255943434228 0.00827730390515533 0.00550658018507364
"77" 0.0385804009368342 0.0373400341541387 0.0436252846891342 0.0584710593859477 0.0584710593859477 0.0650386836134036 0.0650386836134036 0.051767320448237 0.0399811429917945
"78" 0.00933427047224265 0.00949584738259853 0.0323299706149724 0.0104209974197936 0.0104209974197936 0.0102666533334145 0.0102666533334145 0.00979090802859713 0.00895031379847848
"79" 0.0422803564101599 0.0400954219433534 0.0449953181879876 0.0692781430540739 0.0692781430540739 0.0673244634842314 0.0673244634842314 0.0602738123815437 0.0451255176389249
"80" 0.00590078221170171 0.00635202688633277 0.040424214594072 0.0104353203661537 0.0104353203661537 0.0112965712129121 0.0112965712129121 0.00858839864403228 0.00597494559837618
"81" 0.0655502344637272 0.0699201790856255 0.0474879192935226 0.149593561246506 0.149593561246506 0.160483988184442 0.160483988184442 0.122134528907126 0.0653911141807736
"82" 0.0207201849498547 0.0212321302449604 0.0395973260334179 0.0279574714625771 0.0279574714625771 0.0283729594219851 0.0283729594219851 0.0259843995830813 0.02284207130547
"83" 0.00084917991595642 0.00183429226340951 0.0496490272729238 0.000628637019611458 0.000628637019611458 0.00051885453304705 0.00051885453304705 0.000395322514286507 0.000370706520652271
"84" 0.0204326275595557 0.0212488182619959 0.031153549013285 0.0400734480155883 0.0400734480155883 0.0417756143530493 0.0417756143530493 0.0380443984932946 0.0254532731621303
"85" 0.0208589727764838 0.0202346096148724 0.0336438423142152 0.0202407532514703 0.0202407532514703 0.0197301211890538 0.0197301211890538 0.0204191441747815 0.0193437048327846
"86" 0.0217032428954203 0.0232015840712125 0.0414247086205937 0.0630941977792614 0.0630941977792614 0.114828711701705 0.114828711701705 0.0282446287148584 0.021109852905513
"87" 0.0835320312741412 0.0863510778702507 0.0499754104362415 0.188737672075753 0.188737672075753 0.20903206306495 0.20903206306495 0.149465586587559 0.0852926954780563
"88" 0.00444826518367049 0.00616229372958833 0.0323315345046143 0.00156659923576545 0.00156659923576545 0.00172518743949681 0.00172518743949681 0.00368609297827634 0.00315416350494809
"89" 0.0326923261282321 0.0344961064863025 0.0409219229558351 0.0812955516273455 0.0812955516273455 0.125848495030613 0.125848495030613 0.051527171133409 0.0340021685272935
"90" 0.00260563355343565 0.00310886471005786 0.0386514327165171 0.00532134919566296 0.00532134919566296 0.00786285052169764 0.00786285052169764 0.00329825454741567 0.00274345368573624
"91" 0 0 0.0332096195570786 0 0 0 0 0 0
"92" 0.0423667473643919 0.043730144351767 0.0413959132435139 0.109133808815267 0.109133808815267 0.216305703587892 0.216305703587892 0.0873919841802321 0.0494891935277527
"93" 0.0274941654361879 0.0271814705860161 0.0428489272065847 0.0727592340074585 0.0727592340074585 0.107153636408173 0.107153636408173 0.0501997066331551 0.0317357188163589
"94" 0 3.97504694357352e-05 0.00840034667354065 9.20562003545764e-05 9.20562003545764e-05 0 0 2.01032734984582e-05 0
"95" 0.0453913207764745 0.0479274120782575 0.0410583407350324 0.0903219755664549 0.0903219755664549 0.0918580553189062 0.0918580553189062 0.0840921053125261 0.0567376254888251
"96" 0.0242179671232167 0.0249122912190651 0.0441131783631387 0.0381343773976956 0.0381343773976956 0.038629232018429 0.038629232018429 0.0349066489315023 0.0269465091878429
"97" 0.0746027500110207 0.06943185878549 0.0497187624136927 0.0978543504577375 0.0978543504577375 0.101686049312878 0.101686049312878 0.10061014763643 0.076371474084701
"98" 0.0128399078123515 0.0136880556062919 0.049706653069057 0.0263302970381233 0.0263302970381233 0.0299225057807353 0.0299225057807353 0.0195024552244476 0.0144962826487614
"99" 0.00192120494975763 0.00252360697550646 0.0369082510771126 0.00269621280771124 0.00269621280771124 0.00373290868877554 0.00373290868877554 0.00180243526255344 0.00163322106765671
"100" 0.0514686319880126 0.0526377055005384 0.0367565382073315 0.0565633196222078 0.0565633196222078 0.0553276473172698 0.0553276473172698 0.0575068345740957 0.0540477189454811
"101" 0.0340418871888222 0.0345377580854325 0.0448714052143969 0.0659061354820089 0.0659061354820089 0.0974475695232563 0.0974475695232563 0.0570983836174889 0.0380180477553377
"102" 0.0510886308829283 0.0474869409110011 0.043081724292992 0.104018102918338 0.104018102918338 0.20524361072185 0.20524361072185 0.104492621267005 0.063514216763412
"103" 0.00221790654628933 0.00237365518995285 0.0324019572116409 0.00212987895286836 0.00212987895286836 4.39625122991658e-05 4.39625122991658e-05 0.00147291881979916 0.00326120765001583
"104" 0.0011830224322377 0.00319981141343856 0.0357087574670001 0 0 0 0 0 0
"105" 0.0125533001571541 0.0129693118268904 0.0381210190625062 0.0251694724023988 0.0251694724023988 0.0293340279536646 0.0293340279536646 0.0140936565623732 0.0118586689863904
"106" 0.0307400604825058 0.0322991206510144 0.0276947950443311 0.0592518931708355 0.0592518931708355 0.0585199867150513 0.0585199867150513 0.0588597051697441 0.0406195962264124
"107" 0.0789764991313838 0.0746118573054312 0.0698545058012786 0.16026538682986 0.16026538682986 0.160901334136135 0.160901334136135 0.138150494378903 0.0999165534028529
"108" 0.000470966815871527 0.000705932528768308 0.0306101074975224 2.71018007616207e-05 2.71018007616207e-05 4.43512754158786e-05 4.43512754158786e-05 4.22936943520995e-05 0.000638140819331861
"109" 0.0220683267517645 0.0224645908898895 0.0367886325669704 0.0489038110966376 0.0489038110966376 0.0735749784738836 0.0735749784738836 0.0373766756852594 0.024594510199342
"110" 0.024528303633701 0.0240895710291955 0.0404814700706138 0.0355562052400188 0.0355562052400188 0.0348015756473441 0.0348015756473441 0.0345180765290031 0.0258659895315546
"111" 0.0281577363374981 0.0290829705595617 0.0393984879880365 0.0347029903986209 0.0347029903986209 0.0355180399188577 0.0355180399188577 0.0343726179632191 0.0295808239214251
"112" 0.0883980670923327 0.0802477546398582 0.0419080403525344 0.121101732383554 0.121101732383554 0.12443626288928 0.12443626288928 0.117936802690291 0.0925492420417246
"113" 0.00532759215094471 0.00639923875083095 0.0349185891200051 0.00456887060608757 0.00456887060608757 0.00430441423519199 0.00430441423519199 0.00467090741696906 0.00446644014282967
"114" 0.0772688803814368 0.0795572719914751 0.0488413887476485 0.198020969573835 0.198020969573835 0.22933904926194 0.22933904926194 0.142922588609985 0.0783905894769513
"115" 0.0264439041777835 0.026385276256992 0.0398764412706557 0.0555099005975714 0.0555099005975714 0.0807320995090212 0.0807320995090212 0.0442746874672951 0.029186223294364
"116" 0.01729033682795 0.0171959080218485 0.0351495317075832 0.0174429989521877 0.0174429989521877 0.0176766889639212 0.0176766889639212 0.0204405204550235 0.0175099400953638
"117" 0.107827537522109 0.105699488612379 0.0410216893350104 0.124072840397864 0.124072840397864 0.122509796360976 0.122509796360976 0.124794739421352 0.115801115046353
"118" 0.0168587078621428 0.0178092156044996 0.034032808227612 0.0336761839129435 0.0336761839129435 0.0403586758960814 0.0403586758960814 0.0304087237348879 0.0200746232320051
"119" 0.0520172822649997 0.0567295632809277 0.0422234576111483 0.118788785607248 0.118788785607248 0.123113726624961 0.123113726624961 0.0965977155607405 0.053319920778142
"120" 0.0289648525595081 0.0298364262351717 0.0431963689101068 0.0690493877164653 0.0690493877164653 0.161264523758903 0.161264523758903 0.0443697599095422 0.0309028003375566
"121" 0.084580483121341 0.0991448924871068 0.0750987977338786 0.295058980809179 0.295058980809179 0.387324786206594 0.387324786206594 0.203555492866976 0.0906872289987362
"122" 0.0257029753303521 0.0323399558001927 0.0539327014957238 0.0406459819932134 0.0406459819932134 0.0522364633873327 0.0522364633873327 0.037016794587455 0.0217583186463788
"123" 0.177094683949172 0.235703922084157 0.068105385861714 0.391062757249352 0.391062757249352 0.422813706211397 0.422813706211397 0.367563065400888 0.212138802321804
"124" 0.000187996390779188 0.000403370390312033 0.0148985367896138 3.75808204336079e-05 3.75808204336079e-05 0.00012482794621445 0.00012482794621445 0.000141939872397755 0.000195264580278681
"125" 0.103053902515245 0.103333204747805 0.0487331142029449 0.200582783171466 0.200582783171466 0.246103607570093 0.246103607570093 0.217491682546652 0.131406585710602
"126" 0 0 0.0440122224240744 0 0 0 0 0 0
"127" 0.104620528694031 0.108910209614348 0.0889607457997838 0.226765560568812 0.226765560568812 0.238638510637369 0.238638510637369 0.200917763066706 0.137767414035026
"128" 0.00415568740660896 0.00463496931117266 0.0352459833977247 0.00589894515672598 0.00589894515672598 0.00631546157726917 0.00631546157726917 0.00414783866266263 0.00373439846018935
"129" 0.0648991259917696 0.0678512282660093 0.0646653430416746 0.130296653434043 0.130296653434043 0.132218856130487 0.132218856130487 0.115329276356993 0.0712859782057719
"130" 0.0161592689634172 0.0170809907265395 0.0286250631796537 0.0171891191417778 0.0171891191417778 0.0171511895337244 0.0171511895337244 0.0174636410255251 0.0169266289571299
"131" 1.31196568234494e-05 0.000163673690003568 0 7.22130944307411e-06 7.22130944307411e-06 6.44293425781947e-06 6.44293425781947e-06 6.82906874641047e-06 6.61885255800054e-06
"132" 0.0308018321404281 0.0304466302829922 0.0356612877781097 0.0305837346091534 0.0305837346091534 0.0305702014416297 0.0305702014416297 0.0306053909714242 0.030886734596472
"133" 0.0290114942995193 0.0293223598375878 0.0469158986546937 0.0528801511983806 0.0528801511983806 0.0606839945069311 0.0606839945069311 0.0441774277637604 0.032088448110714
"134" 0.0248600804970776 0.0173892521593477 0.0329310509081017 0.0179258105039094 0.0179258105039094 0.0177773487505897 0.0177773487505897 0.0181079551668117 0.0175352322741136
"135" 0.00316780366148306 0.00389710719232189 0.0402999590143927 0.00408146421064729 0.00408146421064729 0.00344886033907558 0.00344886033907558 0.00297871275858311 0.00275927445933756
"136" 0.0198197278243584 0.0206780547388702 0.0345955917080566 0.0338089813444234 0.0338089813444234 0.0343000118716822 0.0343000118716822 0.0323495133608319 0.0216770854368728
"137" 0.0568613860986792 0.0582470737337849 0.0623077886735255 0.159593909807649 0.159593909807649 0.259763866910777 0.259763866910777 0.0979411324051827 0.0590092944496355
"138" 0.113900895636893 0.110415779464097 0.144911464967412 0.18424465514159 0.18424465514159 0.189423686362929 0.189423686362929 0.192353888490814 0.134863325974061
"139" 0 0 0.0346787546772759 0 0 0 0 0 0
"140" 0.000344075895239701 0.0022049630316597 0.0327009198683619 0 0 0 0 8.83091529859139e-05 0.000527252621198301
"141" 0.00560190626851028 0.0119514924314507 0.0355222050461534 0.00917482076894965 0.00917482076894965 0.00337046254986803 0.00337046254986803 0.0125723584652128 0
"142" 0.0338020999586195 0.0327712641778328 0.0327424976210665 0.037466198837732 0.037466198837732 0.0375958878322319 0.0375958878322319 0.0374046978264222 0.0331607119446335
"143" 0.107227798908915 0.10614173742929 0.0427741472120807 0.132298200966333 0.132298200966333 0.129991104024052 0.129991104024052 0.123713541431096 0.112931043167799
"144" 0.0198780118090568 0.0203608316310624 0.0328133468119817 0.0450284758293301 0.0450284758293301 0.0490162026453289 0.0490162026453289 0.0354081154438593 0.0235598560816583
"145" 0.0371796241396114 0.0369640997081664 0.0438697213489222 0.0923650241337183 0.0923650241337183 0.124482296984334 0.124482296984334 0.073631217012652 0.0371330139906949
"146" 0.0846776444262143 0.079490818441516 0.0862283863584185 0.110688425110426 0.110688425110426 0.112794694960883 0.112794694960883 0.113591661886274 0.087976468788487
"147" 0.146506260514171 0.162431436123474 0.0756947353584034 0.488281776887406 0.488281776887406 0.596878918280009 0.596878918280009 0.270150242606243 0.157446480822907
"148" 0.0577398136202009 0.0620696526202882 0.0484487611880932 0.129516244561098 0.129516244561098 0.129060785395736 0.129060785395736 0.103698331235162 0.0583032988621553
"149" 0.0041459670844961 0.00456785374744161 0.0344735539721095 0.00754195165986845 0.00754195165986845 0.0109089546426186 0.0109089546426186 0.00467847852186414 0.00410706796420869
"150" 0.0209345417950749 0.0211718024221231 0.0312186215290111 0.0524154994081397 0.0524154994081397 0.0797553792538303 0.0797553792538303 0.0369591990235363 0.0236142210354084
"151" 0.0539998452502148 0.0506781533768346 0.04385285870819 0.0590848692370683 0.0590848692370683 0.0585931492143511 0.0585931492143511 0.0575108565697203 0.0512076850736405
"152" 0 0 0.027333912456276 0 0 0 0 0 0
"153" 0.012743865502321 0.0140480922348664 0.0387735375192088 0.0386603200723912 0.0386603200723912 0.0456588906346693 0.0456588906346693 0.0153284378404901 0.0136448555278693
"154" 0.0219333981280296 0.0236550261239258 0.0402586906759005 0.0624479349554109 0.0624479349554109 0.131457904305518 0.131457904305518 0.0300112945326889 0.0218112991768413
"155" 0.0137112375886097 0.0166037019619497 0.0429690837948428 0.0185067362631436 0.0185067362631436 0.0192023105207866 0.0192023105207866 0.0166311827992706 0.0144386133960206
"156" 0 0.000117021261729566 0.0044668414179075 0 0 0 0 0 0
"157" 0.0684929229046643 0.0613245143263044 0.0413571789328988 0.0847207699805275 0.0847207699805275 0.0888909167663277 0.0888909167663277 0.0847484293940769 0.0727055135520227
"158" 0.0296120798342329 0.0321074883401333 0.0436950170490327 0.0795993060782319 0.0795993060782319 0.122941681843131 0.122941681843131 0.0730082164764135 0.032908812738638
"159" 0.00048544971853613 0.00137095230408558 0.0332638860553695 0 0 0 0 0 0
"160" 0.103737747969546 0.103190955578207 0.0601275721015228 0.282489212966582 0.282489212966582 0.358073124905137 0.358073124905137 0.209548709284713 0.109567319382388
"161" 0.00191932972952325 0.00194789753865589 0.018641764658983 0.0060108839963518 0.0060108839963518 0.00672739132620193 0.00672739132620193 0.00524295796830357 0.0022081746193175
"162" 0.0606766987648981 0.0646902984823927 0.0449435486198969 0.116770367013128 0.116770367013128 0.116545704207585 0.116545704207585 0.113584473605871 0.0816861967785509
"163" 0.0645181432641801 0.0587510624215488 0.0605795519980146 0.0733909785022193 0.0733909785022193 0.0725544423074208 0.0725544423074208 0.0639693241726786 0.0665091595647017
"164" 0.0320554870482959 0.0317912919521484 0.0430504961388548 0.0920511627198907 0.0920511627198907 0.169215816297575 0.169215816297575 0.0536744569463137 0.0317942996636907
"165" 0.0415498376686351 0.0388272625488008 0.0436679621117073 0.077752400012867 0.077752400012867 0.0795176622942086 0.0795176622942086 0.0635557257638324 0.0432077938098654
"166" 0.0205505159273427 0.0212318623878931 0.0361925717952871 0.0224588124841189 0.0224588124841189 0.0221008177396093 0.0221008177396093 0.0237437894169167 0.0203724784044276
"167" 0.0201555384334038 0.0213953305081165 0.0424252229723062 0.0554728990760013 0.0554728990760013 0.0754840876350803 0.0754840876350803 0.0391299903245037 0.0232301457398115
"168" 0 0.00141654987440917 0.0723718081092953 0 0 0 0 0 0
"169" 0.00251862761924172 0.00426504964631446 0.037301706720641 0.0018909144922565 0.0018909144922565 0.00211406314900609 0.00211406314900609 0.00132943209707289 0.00131692469946894
"170" 0.143681075650337 0.167497191099191 0.0745652668795533 0.355930552140294 0.355930552140294 0.375290375508976 0.375290375508976 0.311386517333255 0.162155422971453
"171" 0.0219877231966133 0.0227335039372621 0.0438126522307185 0.0495276706447982 0.0495276706447982 0.0768954610796852 0.0768954610796852 0.0364546940656748 0.0252928772475922
"172" 0.0373327714362846 0.0371599245292359 0.0361133253057229 0.0380087730369963 0.0380087730369963 0.0387552991073965 0.0387552991073965 0.0389996681952028 0.0375424936425481
"173" 0.00597478453897308 0.0069809275842504 0.0330580963061236 0.00520742378275532 0.00520742378275532 0.00495052753346289 0.00495052753346289 0.00492175485146194 0.00494349549999169
"174" 0.0141776411895614 0.0145708854581906 0.0396053692633588 0.0288787894658502 0.0288787894658502 0.0234077682466603 0.0234077682466603 0.0211138777077924 0.0147035814130982
"175" 0.0151073468047249 0.0175208945496043 0.0379275223328813 0.0260785248290804 0.0260785248290804 0.0280854397176176 0.0280854397176176 0.0268746791625181 0.0183991866678743
"176" 0.0329316616176483 0.0349467763107058 0.0380760733919569 0.0356669561575999 0.0356669561575999 0.0353894315352375 0.0353894315352375 0.0353193438862006 0.0340111158252919
"177" 0.0388770227619492 0.0409970189139875 0.0470822422229692 0.0691233909966968 0.0691233909966968 0.0703213158723129 0.0703213158723129 0.0698501120802383 0.0499976717609917
"178" 0.00547656631845519 0.008035844728686 0.0324738641226299 0.00189922456881551 0.00189922456881551 0.00451559387096545 0.00451559387096545 0.00708748125586886 0.00279644547754715
"179" 0.0231548610060569 0.0240464507175704 0.0433527396027669 0.05744695306725 0.05744695306725 0.106631862554662 0.106631862554662 0.0289743824029225 0.0228599586173021
"180" 0.000169485923775516 0.000613534379331995 0.0330648375088554 0 0 0 0 0 0
"181" 0.0379824152872583 0.0426055594363936 0.0229699662316813 0.0441782982446153 0.0441782982446153 0.0441441473885774 0.0441441473885774 0.0447144351112584 0.0424779484030905
"182" 0.0471060975812927 0.0527026716938753 0.0537469908261311 0.0526062444735962 0.0526062444735962 0.0526024956225989 0.0526024956225989 0.0525757694498675 0.0497352324244846
"183" 0.0906403570813157 0.0897414615234245 0.0984028296162371 0.234412927748105 0.234412927748105 0.428066723930621 0.428066723930621 0.135292358071924 0.0882414958737157
"184" 0.0197756768013701 0.0204667064320865 0.0407027644788362 0.0392857808152621 0.0392857808152621 0.0512915014795286 0.0512915014795286 0.0333445985288367 0.0229485129064114
"185" 0.0402568481650403 0.0375328441877907 0.0491391563667227 0.0687794408698555 0.0687794408698555 0.0842063588752883 0.0842063588752883 0.0690604660320577 0.0441936217416661
"186" 0.000186762761682451 0.000284351507023825 0.00880744255187392 7.29741117530448e-05 7.29741117530448e-05 7.22085689687533e-07 7.22085689687533e-07 0.000191531188875921 8.45274351593116e-05
"187" 0.032710891275977 0.0343288080004853 0.0376147160369411 0.0356061154444637 0.0356061154444637 0.0349744014511528 0.0349744014511528 0.0362998409216864 0.0341697841490899
"188" 0.0104870588496591 0.0113744792617448 0.023626728391356 0.0171303192092845 0.0171303192092845 0.0185999269467117 0.0185999269467117 0.0182981808163073 0.0132513729945544
"189" 0.000748795009128357 0.00269636306510415 0.0484516022516202 0 0 0 0 0 0
"190" 0.000155733382592465 0.00022877136266323 0.0113131965113671 1.84291827424553e-05 1.84291827424553e-05 7.90614763827504e-05 7.90614763827504e-05 0 5.31805185513139e-05
"191" 0.0133734415262985 0.0140029714236884 0.0401159088140973 0.0296037820484113 0.0296037820484113 0.0547324806930921 0.0547324806930921 0.022852515057578 0.0149887915325027
"192" 0.110723582829769 0.152097615238508 0.165343494765599 0.372999933911981 0.372999933911981 0.381730923730721 0.381730923730721 0.278416866943306 0.131567699499354
"193" 0.0298321343317909 0.0322777238946801 0.0393370654746808 0.0474353865029046 0.0474353865029046 0.0471797019988897 0.0471797019988897 0.0446780677614212 0.0363780878408172
"194" 0.0643716375831985 0.0651783442678286 0.0462641709996307 0.104247729589181 0.104247729589181 0.103112611326034 0.103112611326034 0.0998030897861404 0.0773625485304975
"195" 0.048043029711584 0.047587761845708 0.0507320786211376 0.13267189853282 0.13267189853282 0.187405954974703 0.187405954974703 0.0703982874419828 0.0468631673022508
"196" 0.0354036898418507 0.0356333063852591 0.0376731806398649 0.0427643674863331 0.0427643674863331 0.0440527345241442 0.0440527345241442 0.0424379324108933 0.0385965595638268
"197" 0.0135639455870237 0.0143942276741856 0.0399938878649724 0.021184323755199 0.021184323755199 0.021692603225069 0.021692603225069 0.0197667499335545 0.0151406298522727
"198" 0.045822973514169 0.0437379523241951 0.0495088505475353 0.0510384637177695 0.0510384637177695 0.0510424897515892 0.0510424897515892 0.0489449744619145 0.0435331644077093
"199" 0.0405129384552968 0.0426666026362716 0.0480795956527178 0.0436439772155507 0.0436439772155507 0.0435924228048851 0.0435924228048851 0.0436918381730806 0.0393451438599137
"200" 0.025761781042669 0.0252787501217677 0.0403058999098854 0.0551929400396563 0.0551929400396563 0.0682501657404349 0.0682501657404349 0.0406380686924339 0.0278830916324119
"201" 4.4125593952783e-05 4.11028858245338e-05 0.016720799354542 2.81272193080515e-05 2.81272193080515e-05 1.1958593823309e-06 1.1958593823309e-06 0 0
"202" 0.0969902478000655 0.101769048594704 0.0467142046512523 0.141808340668498 0.141808340668498 0.144005098690731 0.144005098690731 0.142409713468819 0.107930537897042
"203" 0.15831430613629 0.171975401629988 0.0691465248040317 0.371584537700196 0.371584537700196 0.369262773689254 0.369262773689254 0.240501642254739 0.175157403616066
"204" 0.14189071393008 0.174915219435239 0.0676767940283927 0.470306518022899 0.470306518022899 0.494579703032644 0.494579703032644 0.243158753959182 0.143761088381133
"205" 0.026552354183581 0.0292949279564332 0.0363608345194437 0.0496203545570067 0.0496203545570067 0.0571096539812426 0.0571096539812426 0.034440189336083 0.0250013161471323
"206" 0.0600954623865664 0.0637532667810014 0.0664069658262184 0.136676333783792 0.136676333783792 0.267294629067911 0.267294629067911 0.0805144349506973 0.0591626544228112
"207" 0.0583350718986154 0.0555194274553781 0.041777766446546 0.141684569754232 0.141684569754232 0.161584342298249 0.161584342298249 0.115826334613926 0.0678538881075498
"208" 0.0173119000707186 0.0173321497828038 0.0368223950828626 0.0192262588855522 0.0192262588855522 0.0183446819853288 0.0183446819853288 0.0180149588413217 0.0180364976215632
"209" 0.00688400337826242 0.00983883666637142 0.0394108470474299 0.0129851686504106 0.0129851686504106 0.0100129032516978 0.0100129032516978 0.00449832228421427 0.00501507220591215
"210" 0.000339967171930973 0.00284911152039871 0.0373345488569439 0 0 0 0 0 0
"211" 0.0570218992571377 0.0630454106213214 0.0555436901458991 0.194332172023375 0.194332172023375 0.294320213018443 0.294320213018443 0.0913507055044061 0.0591830339454089
"212" 0.0195701521658726 0.0202970513583961 0.0346873167263182 0.0208952232740006 0.0208952232740006 0.0207666921300194 0.0207666921300194 0.0214889343868062 0.0194307369120536
"213" 0.108692629526319 0.116768982786349 0.0898882235007619 0.126064412365324 0.126064412365324 0.126540044098474 0.126540044098474 0.126131824456744 0.118771233199407
"214" 0.00114269532176925 0.00208473682781715 0.0329332939382179 0 0 0 0 0 0.000295422876716165
"215" 0.022734650437104 0.025870312567553 0.0378336029570784 0.0380980954183376 0.0380980954183376 0.0394863023202701 0.0394863023202701 0.0367077861709337 0.0269888895529286
"216" 0.000803780443533046 0.000571562459069388 0.013825168424927 0.000261856947826068 0.000261856947826068 0.000244750672036805 0.000244750672036805 0.000251901295224039 0.000254564463740143
"217" 0.0376977539857471 0.0361877910127297 0.0443091902689074 0.114424307970885 0.114424307970885 0.156248910614277 0.156248910614277 0.0778894796584885 0.0378897982165822
"218" 0.00777954941236579 0.00827087240128383 0.0129340884043317 0.00850988072787919 0.00850988072787919 0.00847882033892966 0.00847882033892966 0.00832228706316386 0.00784892662813362
"219" 0.0246880894090458 0.0284225263161967 0.0553457859330639 0.0984969319274218 0.0984969319274218 0.149870058189602 0.149870058189602 0.0550549273565231 0.0262775715274526
"220" 0.0230823908530025 0.0231647557511989 0.0387757841670963 0.0240601432847946 0.0240601432847946 0.0256630656975804 0.0256630656975804 0.024779657377803 0.024268677051209
"221" 0.0128497379295602 0.0138316516922254 0.0399227111712864 0.0341191769947252 0.0341191769947252 0.0544086258519418 0.0544086258519418 0.0234700865529683 0.0136016668520121
"222" 0.0175480368122514 0.0189604961642074 0.0329041741021009 0.019649937130387 0.019649937130387 0.0193322821320155 0.0193322821320155 0.0191957069995818 0.0183483483012513
"223" 0.0898348585471869 0.0928075250236519 0.0539440393515407 0.110223336448857 0.110223336448857 0.109333936886329 0.109333936886329 0.105494612967529 0.0988108440128203
"224" 0.0970123721488153 0.0972504524915243 0.0804814822044029 0.106050659447271 0.106050659447271 0.106599835731404 0.106599835731404 0.106196599118745 0.100478315243121
"225" 0.00122505123939572 0.00343918694796711 0.0361681967115176 0 0 0 0 0 0
"226" 0 0.00072042517449951 0.0349511664851362 0 0 0 0 0 0
"227" 0.0228652991771256 0.0239990092033117 0.0453370348492329 0.0519923220611248 0.0519923220611248 0.0591584732035162 0.0591584732035162 0.0363381109745221 0.024979720095524
"228" 0.0220258451246808 0.0229944877339116 0.0340057944940691 0.0236333304471092 0.0236333304471092 0.0234851650405746 0.0234851650405746 0.0247371110622637 0.0232031228839809
"229" 0.0180388963955174 0.0198477805682814 0.0464765947732785 0.0488693558568328 0.0488693558568328 0.0804827600010409 0.0804827600010409 0.0358982522235682 0.0194760913518979
"230" 0.0608712965534755 0.0643712316414632 0.0536993677043875 0.114887986685422 0.114887986685422 0.117964748421237 0.117964748421237 0.102473182891964 0.0768988884141253
"231" 0.0635888453909608 0.0589986060471034 0.0497096491965362 0.111314798511346 0.111314798511346 0.116844937192534 0.116844937192534 0.109758515018808 0.0755908836855082
"232" 0.0195819944138745 0.020581540649736 0.0406664103027448 0.0443303923497722 0.0443303923497722 0.0939773436868424 0.0939773436868424 0.025114529312774 0.0203207720426789
"233" 0.000403069106400036 0.000786429560094965 0.0484361971307873 0.000320811553042802 0.000320811553042802 0.000284056158417934 0.000284056158417934 0.000128874083700802 0.000187238046064452
"234" 0.0123597638371014 0.0142519564967346 0.0314552619321163 0.0143203632845392 0.0143203632845392 0.012995247556446 0.012995247556446 0.0170169248483291 0.0121180482364409
"235" 0.0751183019127604 0.0751469445838965 0.0411737321636165 0.0955098756773682 0.0955098756773682 0.0977638359776548 0.0977638359776548 0.0927692321163698 0.0832990938657689
"236" 0.0313783566720226 0.0313105090417231 0.0448473456385773 0.0656244337678579 0.0656244337678579 0.0812354276699431 0.0812354276699431 0.0556414304351868 0.0351546587927568
"237" 0 0 0.0389496745889097 0 0 0 0 0 0
"238" 0.0251411778378257 0.0305095089480989 0.0513104337985902 0.040516842567038 0.040516842567038 0.0443795649152018 0.0443795649152018 0.0324276660839264 0.0230701377644293
"239" 0.0108547438778149 0.0166940393178335 0.0556589721228244 0.0246995886054399 0.0246995886054399 0.0198607511808609 0.0198607511808609 0.0156961828611502 0.0108204805054918
"240" 0.0284613212002909 0.037930682538974 0.0578696921930895 0.0528511969189975 0.0528511969189975 0.0543561303049904 0.0543561303049904 0.0355589043104988 0.0277133829591017
"241" 0.0500399853458083 0.0494151035356759 0.0476735208486188 0.131232263594122 0.131232263594122 0.197262992518953 0.197262992518953 0.0659229622470178 0.0505829386015227
"242" 0.0224956719279739 0.0228127019685163 0.0400530256046625 0.0346512932641112 0.0346512932641112 0.0320814629856544 0.0320814629856544 0.0307270808293228 0.024998907850148
"243" 0.00123266482354864 0.00184913146066514 0.0313895191948575 0 0 0 0 0 0
"244" 0.0683914444776762 0.0718999703890187 0.0431428073656714 0.118668539911442 0.118668539911442 0.122404152580444 0.122404152580444 0.118246646732213 0.0875871856203818
"245" 0.00272805917435844 0.00202947306109177 0.0324312007838442 0.00219756615636584 0.00219756615636584 0.00237252866740376 0.00237252866740376 0.00235207812983117 0.00222518318360256
"246" 0.0550154941607445 0.0588249255624543 0.042086142716232 0.0788625263554238 0.0788625263554238 0.08215418705786 0.08215418705786 0.0802826992697497 0.0615782486467946
"247" 0.0243332035869147 0.0251317660867217 0.0361813160363401 0.0269120138432881 0.0269120138432881 0.026961022155207 0.026961022155207 0.02905555876598 0.0250591438295547
"248" 0.00976990837466453 0.0106929486401727 0.037339023355806 0.0215862877462334 0.0215862877462334 0.0519356417539689 0.0519356417539689 0.0171187902351326 0.0104852013362586
"249" 0.0148449964034484 0.0154168489594596 0.0460841161407111 0.0287896349731313 0.0287896349731313 0.0295319443005534 0.0295319443005534 0.0227712379381445 0.015880804480368
"250" 0.0243457747495382 0.0263887051602336 0.041990115314614 0.0501895714168428 0.0501895714168428 0.0519310029385234 0.0519310029385234 0.0412781605534698 0.0257949064312173
"251" 0.0687140608324346 0.0661573473033157 0.0396364799559379 0.126487975900782 0.126487975900782 0.219950344259864 0.219950344259864 0.129697410959619 0.0777256791149328
"252" 0.165512510140359 0.175255430549593 0.0790423989105706 0.418760459285405 0.418760459285405 0.467161051042368 0.467161051042368 0.336443805790127 0.180571273854998
"253" 0.0362232995448559 0.0388133303010205 0.0369041488737357 0.0623235054977361 0.0623235054977361 0.0627226676868418 0.0627226676868418 0.0587911236260291 0.0456402814387888
"254" 0.00332627867723357 0.00380274187369797 0.0242702534935993 0.00539025025994951 0.00539025025994951 0.00812273950013165 0.00812273950013165 0.0057165092357161 0.00421743705829828
"255" 0.182587926029765 0.195564893540112 0.260830042641771 0.423689220785461 0.423689220785461 0.458771826780899 0.458771826780899 0.384578538516721 0.214298360156776
"256" 0.0727326966465859 0.063913562757414 0.0433846456605984 0.0983021878298797 0.0983021878298797 0.10159016257989 0.10159016257989 0.0997353710893152 0.0768768401790335
"257" 0.0256373615224163 0.025415306628373 0.0429864346938387 0.0689395520023819 0.0689395520023819 0.113433141447015 0.113433141447015 0.0525181031606594 0.0306286598387787
"258" 0.00679009642938538 0.00680949218575292 0.0318878411222187 0.00757394445862813 0.00757394445862813 0.00688413504567629 0.00688413504567629 0.00702662500767402 0.00665321091130668
"259" 0.154981225095489 0.171594551611089 0.225437353852845 0.346850100245648 0.346850100245648 0.373036583442922 0.373036583442922 0.314290934377499 0.158648852713428
"260" 0.000912096155991213 0.00175992255974746 0.0471938888988884 0.000874008019519202 0.000874008019519202 0.000965015348095625 0.000965015348095625 0.000428973526798274 0.000468699483677784
"261" 0.0520951045707137 0.0499614195104699 0.046791614120483 0.0738305225666744 0.0738305225666744 0.0761786659105322 0.0761786659105322 0.0753648195115964 0.0602624182339948
"262" 0.0616153682550815 0.0626631733528048 0.0372866971899429 0.0662928424517435 0.0662928424517435 0.0665124961216089 0.0665124961216089 0.0674507851855745 0.0636282819519383
"263" 0.0193786022009609 0.0196460515948385 0.0400043961649392 0.0389834872066931 0.0389834872066931 0.0408927140961318 0.0408927140961318 0.031209781068566 0.0207481344256245
"264" 0.0254172893376147 0.0268659999580708 0.0425751977115667 0.0703044862865185 0.0703044862865185 0.153581709800093 0.153581709800093 0.0357306388948238 0.0260504893932284
"265" 0.102797884048616 0.0990135456784915 0.0576458933818554 0.122222151133075 0.122222151133075 0.122935252935782 0.122935252935782 0.121499009624226 0.109150019482743
"266" 0.0246801699328068 0.0173794331491712 0.03855298190492 0.00150749172792373 0.00150749172792373 0.0037177991212347 0.0037177991212347 0.00434737224331891 0.0111985581895421
"267" 0.0424649652563487 0.0431051507348841 0.045008207710593 0.102103311536708 0.102103311536708 0.117753312935125 0.117753312935125 0.078639568726809 0.0543097558268974
"268" 0.134461713733702 0.141509020689147 0.0582048446867006 0.299411956334452 0.299411956334452 0.33015379854795 0.33015379854795 0.231639071011892 0.142318419903215
"269" 0.0158284634204743 0.0161589650530902 0.0359309942026181 0.0412625123340818 0.0412625123340818 0.0448905757380392 0.0448905757380392 0.0174121927712968 0.0158089713864283
"270" 0.0509596599274481 0.053269545800885 0.0386209883830981 0.0559607951433903 0.0559607951433903 0.055622156659255 0.055622156659255 0.0554649692072619 0.050944400609493
"271" 0.0421673035245735 0.0423706424655754 0.039681995593571 0.0646098616771739 0.0646098616771739 0.0645507825105299 0.0645507825105299 0.0612956880000812 0.0516570001797291
"272" 0.00946233282240023 0.0104923031372326 0.0422191467378433 0.029918569950944 0.029918569950944 0.0442216391677703 0.0442216391677703 0.0181868312445441 0.0115916365255152
"273" 0.131255184314107 0.164841078672101 0.079396730164807 0.382742051452499 0.382742051452499 0.386945982988452 0.386945982988452 0.291008981834146 0.157883130628535
"274" 0.00980908135883968 0.0101777332457971 0.0332509791670281 0.0101210062088306 0.0101210062088306 0.00989654297140077 0.00989654297140077 0.0101859737287321 0.00983818328208935
"275" 0.00050331228572081 0 0.0263622401189503 0 0 0 0 0 6.23127191590948e-05
"276" 0.0632849224585297 0.062146513867799 0.0380411436852213 0.0798951558166102 0.0798951558166102 0.0785935090600043 0.0785935090600043 0.077028497478283 0.0700388948503854
"277" 0.158737757941494 0.153974932342302 0.110132473598409 0.289655555352308 0.289655555352308 0.296088788568645 0.296088788568645 0.238347273466299 0.167551958885179
"278" 0.0722849412757611 0.0739535079652746 0.0763270545315856 0.11254290229901 0.11254290229901 0.112584792210197 0.112584792210197 0.109542964909642 0.088418800620927
"279" 0.119763470711836 0.126926354733203 0.0475412429080958 0.189980609217066 0.189980609217066 0.201294277216656 0.201294277216656 0.198506562047607 0.127806619139612
"280" 0.0282057479925159 0.0300197640294871 0.0431207533405561 0.0726699872017929 0.0726699872017929 0.141340901297918 0.141340901297918 0.0365732748146488 0.0285415177912691
"281" 0.0312769358030726 0.0300094107070853 0.0461631641511965 0.0663700514097924 0.0663700514097924 0.0826773971724202 0.0826773971724202 0.0542330485427504 0.0350559573668833
"282" 0.0558115870680097 0.0571931979717666 0.0410498916085209 0.13636113609538 0.13636113609538 0.193982385746461 0.193982385746461 0.107478899325756 0.056151163033904
"283" 0.00612032866760689 0.00665422453277317 0.0394209530628436 0.0164502086836284 0.0164502086836284 0.0215124338326707 0.0215124338326707 0.01018949521868 0.0067495069346286
"284" 0.0194167863805985 0.0206259873906441 0.0428752329866022 0.0448882190694744 0.0448882190694744 0.0535815683787344 0.0535815683787344 0.0334696649912316 0.0200628741260999
"285" 0.010502742906047 0.0113517455004059 0.0386076322001955 0.0284624835756882 0.0284624835756882 0.0466529813516866 0.0466529813516866 0.0183101408772092 0.0116257133854416
"286" 0.000105688913321969 0.000531015423540208 0.0391144110693772 0 0 0 0 0 0
"287" 0.00122853798180585 0.00240782454452034 0.0242027048240561 0.00169826731127383 0.00169826731127383 0.00262071758663537 0.00262071758663537 0.0046170155670827 7.72028057575576e-06
"288" 0.000461449557854879 0.000493985291803158 0.0264849295546178 0.000200823599964924 0.000200823599964924 0.000135502848981106 0.000135502848981106 0.000363979453524217 0.00127929540874786
"289" 0.058936195744635 0.0657530021420743 0.0522338153175705 0.112354068620702 0.112354068620702 0.110263023169238 0.110263023169238 0.0850806515945183 0.0579514436419541
"290" 0.0303980890867035 0.029677227354182 0.0460547741868956 0.0653614240590709 0.0653614240590709 0.0761453435637465 0.0761453435637465 0.0507945242927969 0.0348582226622733
"291" 0.0396487176067213 0.0410492885729719 0.0530444488742822 0.127729533903669 0.127729533903669 0.186573018202119 0.186573018202119 0.0651303369063671 0.0402306342128746
"292" 0.01161772557874 0.0144022410782266 0.0334038611208052 0.0113960911346235 0.0113960911346235 0.0112244886196521 0.0112244886196521 0.0116099442293958 0.0107650169069992
"293" 0.050023109035132 0.0530410583960709 0.04196168861207 0.114156003976146 0.114156003976146 0.171341519470342 0.171341519470342 0.108548600702197 0.0634053100207264
"294" 0.0161494563302575 0.0169080537050586 0.0426116223091709 0.0265783720096562 0.0265783720096562 0.0280974179325889 0.0280974179325889 0.0242909448420138 0.0177396502030844
"295" 0.000765219694008169 0.000819827426872088 0.00325822711197818 0.000864927011765917 0.000864927011765917 0.000845951081970192 0.000845951081970192 0.000827925197565608 0.000821803957035692
"296" 0.0217907208759548 0.0216816865298315 0.0360300781051912 0.0222846813293371 0.0222846813293371 0.0225649519388386 0.0225649519388386 0.0224528323866046 0.0219051784438341
"297" 0.0254818485489717 0.0257947882002162 0.0337120993581441 0.0223746804492335 0.0223746804492335 0.0223124451170094 0.0223124451170094 0.0226723413911456 0.0218809300611501
"298" 0.0590242000340633 0.0613528405379787 0.064323519555078 0.100517959428367 0.100517959428367 0.0995969616907217 0.0995969616907217 0.0992247338096056 0.0745740127797992
"299" 0.000242075765763687 0.000283321602791714 0.0262270145331167 0.000130746755797052 0.000130746755797052 5.84763430893038e-05 5.84763430893038e-05 0.000195380450105104 0.000603969279631399
"300" 0.0353006012399994 0.0386048586197418 0.0495061406210524 0.145888744621303 0.145888744621303 0.14259214359688 0.14259214359688 0.0608014073500319 0.0420532810836583
"301" 0.0419346394036543 0.0422645990955612 0.0415857877039576 0.0471660178837875 0.0471660178837875 0.0470133004370281 0.0470133004370281 0.0472412867115118 0.0444540968280744
"302" 0.00169980604634627 0.00283715874099994 0.0333849594436477 0.00111584286442402 0.00111584286442402 0.00322482553636534 0.00322482553636534 0.00112093576112982 0.00101011251395877
"303" 0.00201926883089153 0.00323705994608961 0.0415190872580091 0.0020562179979099 0.0020562179979099 0.0018559006116115 0.0018559006116115 0.00113616347463767 0.00118346075167599
"304" 0.0645974013907764 0.0768487838292891 0.0735375252179277 0.237432205167128 0.237432205167128 0.383609430101045 0.383609430101045 0.17307921167052 0.0740635495136825
"305" 0.0163271640308304 0.0175436543371516 0.0220027326187981 0.0257845752855266 0.0257845752855266 0.0266329133433104 0.0266329133433104 0.0244420703948798 0.018235727414425
"306" 0.0140714181370083 0.0342149890625306 0.0437974040657931 0.0181882790966986 0.0181882790966986 0.0139322713257675 0.0139322713257675 0.0110894531232016 0.0123485716412763
"307" 0.0835634686919998 0.0792144611580897 0.0531493676525615 0.0921581974073418 0.0921581974073418 0.0919608568108281 0.0919608568108281 0.0915829094525574 0.0871000934319736
"308" 0.0869664668402096 0.084439004843877 0.0428991285472004 0.234738480987561 0.234738480987561 0.344371087244122 0.344371087244122 0.150199844245875 0.0840914089107046
"309" 8.95489252235652e-05 0.000261116013100889 0.0242513904105397 0 0 0 0 0 0
"310" 0.0692689547446836 0.0677941171453166 0.0417766438444572 0.0972127139050426 0.0972127139050426 0.0965153353383329 0.0965153353383329 0.081623000979512 0.0670154135170525
"311" 0.0232953922951638 0.0232218088102338 0.0370993405305906 0.045414179664712 0.045414179664712 0.0503594212835061 0.0503594212835061 0.0383200092350962 0.025982165911048
"312" 0.0465115165747622 0.0438439130336686 0.0425930448059198 0.0699785446019542 0.0699785446019542 0.0785879239347525 0.0785879239347525 0.0630210864258392 0.0467615242456541
"313" 0.0626518504516877 0.0664388760391316 0.0392225103902447 0.129685433832434 0.129685433832434 0.13770548881316 0.13770548881316 0.123768925674578 0.0796997481928346
"314" 0.0852865073471359 0.0782472726682611 0.0406747454588373 0.10515372785008 0.10515372785008 0.105408600771544 0.105408600771544 0.103999356059524 0.0831831075472328
"315" 0.00528820826189661 0.00995736474457532 0.0510542761260747 0.024791402104665 0.024791402104665 0.00331165061504552 0.00331165061504552 0.00303912278172387 0.00333008460157683
"316" 0.0243172498491651 0.0266237294541545 0.0385944393570169 0.0536677048387682 0.0536677048387682 0.088649715266857 0.088649715266857 0.0416952021118986 0.027660241065994
"317" 0.0271602678382943 0.0269962184698168 0.0351005665037587 0.027358710005099 0.027358710005099 0.0272137965720253 0.0272137965720253 0.0271920606549783 0.0281245886746761
"318" 0.122042118585529 0.152115832263059 0.130332842458312 0.404016664750929 0.404016664750929 0.412627466095387 0.412627466095387 0.27935782051018 0.142332366490822
"319" 0.0279842678543981 0.0301661869440658 0.0496426712387539 0.0692354049706437 0.0692354049706437 0.101430630244751 0.101430630244751 0.0414959936368094 0.0277787899805318
"320" 0.00543755663490791 0.00529448642804701 0.00599766072315505 0.00552886599590986 0.00552886599590986 0.00548187075740663 0.00548187075740663 0.00556646637388926 0.00545692020656326
"321" 0 0 0.0113650143399089 2.20679408533136e-06 2.20679408533136e-06 7.58806789118323e-06 7.58806789118323e-06 4.83702974032713e-06 0
"322" 0.111579833527352 0.108215940823374 0.0515318033176903 0.294944657916937 0.294944657916937 0.407126713339247 0.407126713339247 0.19984469036383 0.110540127711728
"323" 0.0462153950850506 0.0472583197852656 0.0423658805983646 0.0709706800791498 0.0709706800791498 0.0689786742741815 0.0689786742741815 0.0655824891837992 0.0504133766167518
"324" 0.0760357376123608 0.0728509419000162 0.0981810345392128 0.129936658141866 0.129936658141866 0.134160537718494 0.134160537718494 0.12941534580373 0.0955270731780705
"325" 0.0151535235529546 0.0153413642800514 0.0330714025857574 0.0154231555190612 0.0154231555190612 0.0153030788131073 0.0153030788131073 0.0157789805789913 0.0151714546297583
"326" 0.0355227230146671 0.0348191557213187 0.0341722394235027 0.0391498131406362 0.0391498131406362 0.0389446901312018 0.0389446901312018 0.0379498123038854 0.0368269515774473
"327" 0.0356473151130321 0.0349134893134666 0.0425227970903315 0.0693744251345204 0.0693744251345204 0.0925982405398742 0.0925982405398742 0.0604228577692037 0.0394407867948195
"328" 0 0.00362168943144534 0.0333641359859358 0 0 0 0 0 0
"329" 0.00257362685017233 0.00333768112597852 0.0341903036216192 0.00208758337744749 0.00208758337744749 0.0023176262363713 0.0023176262363713 0.00201994864994705 0.00192951160693127
"330" 0 0 0 0 0 0 0 0 0
"331" 0 0 0.00740338447141254 0 0 0 0 0 0
"332" 0.0333559192497 0.0318961025391507 0.0462128037791443 0.0634403859109402 0.0634403859109402 0.0804277193655355 0.0804277193655355 0.0580864650844307 0.03727535906488
"333" 0.124959326364807 0.162947425509573 0.0770373261734778 0.403301483308253 0.403301483308253 0.492413724452952 0.492413724452952 0.337038800362359 0.145585703926998
"334" 0.06385287246366 0.0736976243022913 0.0477142720925963 0.160105493731654 0.160105493731654 0.170381208883833 0.170381208883833 0.158419056646913 0.0905877683119484
"335" 0.000103140453189819 0.00015719833716954 0.0039945237238629 4.05925440246044e-05 4.05925440246044e-05 7.11284690514057e-07 7.11284690514057e-07 0.000108599028345015 4.49421132128355e-05
"336" 0.0659344387391456 0.0629227272309059 0.0704376475316687 0.196595786671896 0.196595786671896 0.300669463177034 0.300669463177034 0.0974901992473342 0.0667842901491573
"337" 0.0250023074307741 0.0238942935345186 0.0412095950925617 0.0331297745792107 0.0331297745792107 0.0340492108992613 0.0340492108992613 0.0329017364072768 0.0286727385814616
"338" 0.125092872394679 0.140610272899288 0.107401528086681 0.327101319724935 0.327101319724935 0.342859180515625 0.342859180515625 0.250441063709873 0.137007366100555
"339" 0.0267810382553366 0.0269855819095838 0.0431304789779977 0.0757809053637042 0.0757809053637042 0.107998400592031 0.107998400592031 0.0616438222325588 0.0276929347032795
"340" 0.0228798079356185 0.023798395398826 0.0416605554412506 0.0594312567601373 0.0594312567601373 0.099390284293586 0.099390284293586 0.0490109449158291 0.023048107038991
"341" 0.0438527241518214 0.0450211786904282 0.037051762487759 0.0531978298920411 0.0531978298920411 0.0526958846002267 0.0526958846002267 0.0517157918209377 0.0482673680192136
"342" 1.22757182677921e-05 0 0.0149226523233133 4.73574776547489e-06 4.73574776547489e-06 5.05862076318076e-06 5.05862076318076e-06 2.86039036525955e-06 0
"343" 0.0701239379936736 0.0745542758621039 0.0453353438086401 0.0907711047938917 0.0907711047938917 0.0920143173649019 0.0920143173649019 0.090594966050528 0.0748116969769354
"344" 0.0681920780649959 0.0694624024566511 0.0454164246992927 0.154585452116379 0.154585452116379 0.178693991757107 0.178693991757107 0.114702821087874 0.0657576519455848
"345" 0.0188014338602689 0.0185784853000248 0.0363365179026995 0.0440559104427106 0.0440559104427106 0.0494503486344587 0.0494503486344587 0.0234354427162601 0.0194570104032463
"346" 0.00298444263644388 0.00349696648715251 0.0326327826254134 0.00264951769286023 0.00264951769286023 0.00243091727600358 0.00243091727600358 0.00313805808513884 0.00251431247509438
"347" 0.048643388848629 0.0545514844847821 0.0619751714149436 0.0883329877827329 0.0883329877827329 0.0925604471431578 0.0925604471431578 0.0914419552801989 0.065850526709635
"348" 0.0040671581874699 0.00372288202372902 0.0326347568129504 0.0021949402666405 0.0021949402666405 0.00212987001954521 0.00212987001954521 0.00219537164061051 0.00277495143759521
"349" 0.0169655968986678 0.0178745506928911 0.0370787220745513 0.037339211611756 0.037339211611756 0.0507911720059117 0.0507911720059117 0.0199152552002325 0.0168199909476707
"350" 0.0472807345323175 0.046543115767003 0.0409368897438243 0.0973465254571824 0.0973465254571824 0.16129243403631 0.16129243403631 0.100056608456442 0.0533659491746613
"351" 0.0831997583817658 0.0748914357028395 0.044375129313803 0.125001976422213 0.125001976422213 0.129267233908642 0.129267233908642 0.121041374049697 0.0857445818676103
"352" 0.00467576851374371 0.00508083919237394 0.0296677346180466 0.00332139072732378 0.00332139072732378 0.00131398057942107 0.00131398057942107 0.00422594851665927 0.00661212802644013
"353" 0.022567241090961 0.0229475800870965 0.0350444500896334 0.0253995153875365 0.0253995153875365 0.0248404598593864 0.0248404598593864 0.0245775976581087 0.0234367344459351
"354" 0.0197634319941472 0.0212773590310537 0.0456818989591205 0.0594796373478929 0.0594796373478929 0.0885131110035473 0.0885131110035473 0.0474862173279536 0.0203382170719021
"355" 0.0126004198566616 0.0133740325846009 0.040646304711603 0.0217946800905956 0.0217946800905956 0.0254611704774488 0.0254611704774488 0.014320464796866 0.012496164194626
"356" 0.0535748102518041 0.0511668482533391 0.0640321238891575 0.175863129808004 0.175863129808004 0.2378523268955 0.2378523268955 0.0818342177422753 0.0546558958086301
"357" 0.0585728746017172 0.0600678752479358 0.0458591719963061 0.165899855250799 0.165899855250799 0.280379254276099 0.280379254276099 0.139685634770445 0.0695689189788547
"358" 0.00308076270727075 0.0034842907889567 0.0278244436953159 0.00310330539914823 0.00310330539914823 0.00300297236844893 0.00300297236844893 0.00304142469423926 0.00300476679600748
"359" 0.00768156658722203 0.00859202544383024 0.0370520447318409 0.0195178297279389 0.0195178297279389 0.0311708432758784 0.0311708432758784 0.0148147730185869 0.00970273680429924
"360" 0.061793412492861 0.0560526936618856 0.0446103815093099 0.0807898886882322 0.0807898886882322 0.0830054365636972 0.0830054365636972 0.084711888874641 0.0640403191456046
"361" 0.0194445279568816 0.0235109310865983 0.0466048344278107 0.0325252323870225 0.0325252323870225 0.0322319702444214 0.0322319702444214 0.0265385095489318 0.019889933431015
"362" 0.0529746529033509 0.0701077385419842 0.052387966279669 0.0906770391587242 0.0906770391587242 0.0977687949545077 0.0977687949545077 0.0735914324029169 0.0612827404238453
"363" 0.0810528753490116 0.0842950970884188 0.0449666550677502 0.192685050564698 0.192685050564698 0.314187559168233 0.314187559168233 0.187316241528664 0.0967106610259083
"364" 0.000538325621220206 0.000579803495144945 0.00692404883395894 0.000514977687252357 0.000514977687252357 0.000497717762709086 0.000497717762709086 0.000514048986205007 0.000496487291396069
"365" 0.0748523236099234 0.0773400857493769 0.0479665553930703 0.0783294965764182 0.0783294965764182 0.0783882492107604 0.0783882492107604 0.0785225701154664 0.0759783819323386
"366" 0.00291530588592483 0.00335488033907239 0.0344405644000857 0.00268614151625761 0.00268614151625761 0.00256100410807538 0.00256100410807538 0.00266209086402176 0.00260084967400682
"367" 0.000119036016384599 0.00113632741806858 0.0279088221062086 0 0 0 0 0 0
"368" 0.0475371225362087 0.0492271890887512 0.0362499258086537 0.050995954405286 0.050995954405286 0.0510300650440522 0.0510300650440522 0.0519192112869741 0.0483573363534687
"369" 0.000426240853484071 0.00121968465523668 0.0291227699587058 0 0 0 0 0 0
"370" 0.0845784938695667 0.0859810293101265 0.083117325248971 0.0927375745433269 0.0927375745433269 0.0931850223389754 0.0931850223389754 0.088798007682159 0.0785882007123661
"371" 0.000983301025278283 0.000865728990035289 0.0237316140096293 0 0 0 0 0 0
"372" 3.4484679882106e-05 4.66650037691247e-05 0.00531568701744593 0.000462092947811803 0.000462092947811803 6.73911618788561e-05 6.73911618788561e-05 0.00016612938498011 2.99600663100492e-05
"373" 0.0657751840383186 0.0604259075543374 0.0403722771660127 0.0794704601199015 0.0794704601199015 0.0817438147571142 0.0817438147571142 0.0802764663476268 0.0688928111421615
"374" 0.00014151955610669 0 0.022960154081438 0 0 0 0 0 2.3547716677232e-05
"375" 0.0507134423214447 0.0512323214062216 0.0399664819851771 0.0535362310835554 0.0535362310835554 0.0538055332865732 0.0538055332865732 0.0541789421348944 0.0500676279157935
"376" 0 0 0.0184276487594889 0 0 5.11154661439329e-06 5.11154661439329e-06 1.2864699348299e-06 0.000620380889129288
"377" 0.00389707506342687 0.00351722637236376 0.0352002026770382 0.00274061722403787 0.00274061722403787 0 0 0.00199499349370944 0.00457905364588089
"378" 0.000161962838250276 0.000461543086167916 0.017286582876645 0 0 0 0 0 3.9335078484247e-05
"379" 0 0.000679906509526504 0.0139527269529698 0 0 0 0 0 6.2370738329674e-05
"380" 0.00219405253430047 0.0024732011771148 0.033726965247518 0.00120426589278043 0.00120426589278043 0.000541020150014542 0.000541020150014542 0.0017766229019182 0.00369128998493263
"381" 0.00212641625999214 0.00242204355788233 0.0210191766038393 0.00173717798254805 0.00173717798254805 0.00183375248247934 0.00183375248247934 0.00263516120636899 0.00162990337313768
"382" 0.00179858360449539 0.00189574570989316 0.0334193286331239 0.00192899247204855 0.00192899247204855 0.00196564737974667 0.00196564737974667 0.00192233320218135 0.00175956495718576
"383" 0.100613835489402 0.0901503925055409 0.0437042879514579 0.125539637136269 0.125539637136269 0.127625064199709 0.127625064199709 0.126487614430152 0.103347626253756
"384" 0.00108245518710172 0.00148208676497075 0.00715649335536727 0.000815139031314616 0.000815139031314616 0.000305539305582268 0.000305539305582268 0.00111661345973535 0.00187859384289131
"385" 0.00037398635108714 0.000376188493870714 0.0199863428292559 0.000411092093373502 0.000411092093373502 0 0 0.00014795497043915 0.000529214879527322
"386" 0.0437102835173629 0.0498666530268016 0.0835716904125727 0.167164068982409 0.167164068982409 0.241924266009603 0.241924266009603 0.138961773081687 0.0524091610261925
"387" 0.0483985059923184 0.0518388520743757 0.0694834503649162 0.15938894510468 0.15938894510468 0.224707021050117 0.224707021050117 0.100136106952599 0.0519055561485776
"388" 0.13148497610471 0.131227745966182 0.100392541301858 0.189528635253973 0.189528635253973 0.189156376211591 0.189156376211591 0.172148433092035 0.13047905355085
"389" 0.0134678279596978 0.0149663681199165 0.0337208037661991 0.0145319224122397 0.0145319224122397 0.0148034989473518 0.0148034989473518 0.0140752279927566 0.0134387971611152
"390" 0.0784908876144833 0.0873609579430672 0.102597784074849 0.266300261686398 0.266300261686398 0.37558016244374 0.37558016244374 0.198069213833908 0.0884751158989273
"391" 8.83814440523656e-05 0.000330599238289105 0.0323823455389129 0.000364306321407009 0.000364306321407009 0 0 0.000159072073907824 0
"392" 3.14153545968792e-05 1.4874548682138e-06 0.00520173258430949 2.88374560148025e-05 2.88374560148025e-05 2.92630732741605e-07 2.92630732741605e-07 0 0
"393" 0.0396090088558253 0.0408113895790313 0.0488018652697008 0.103922771627104 0.103922771627104 0.137392004578287 0.137392004578287 0.085144200668159 0.0420916810144322
"394" 5.1336624417291e-06 2.27682244179422e-05 0 0 0 0 0 0 0
"395" 4.93068822937e-05 6.3656840418437e-05 0.0113364931977281 1.12377242300019e-06 1.12377242300019e-06 5.05569796144715e-07 5.05569796144715e-07 0 0
"396" 0.0207128007319238 0.0214389814724036 0.0409266549654066 0.0589604687047243 0.0589604687047243 0.0993458344073923 0.0993458344073923 0.0508244119922983 0.0210174060631227
"397" 0.0413686501971574 0.0402348798068932 0.0500623293396046 0.0893136161086043 0.0893136161086043 0.111518918135406 0.111518918135406 0.0740211200256824 0.0465138549197594
"398" 0.0629772515137031 0.0631242739856118 0.0488485659173341 0.147848556128401 0.147848556128401 0.181857099000586 0.181857099000586 0.116027892344205 0.063980256532547
"399" 0.0138838125742595 0.0143089924573071 0.0399115021441777 0.0232585442449682 0.0232585442449682 0.0211191042385815 0.0211191042385815 0.0192097864945583 0.0148114253307957
"400" 0.0396933040788163 0.0426431349648428 0.0416953810494355 0.0770447502916057 0.0770447502916057 0.0808672469866215 0.0808672469866215 0.0726221647244107 0.0469501862937478
"401" 0 0.000589416981975594 0.0272405229831769 0 0 0 0 0 0
"402" 0.0344083827952144 0.0345255716278177 0.0393242780105489 0.0468726763755652 0.0468726763755652 0.0465784977945216 0.0465784977945216 0.0435700908415711 0.0366336315214169
"403" 0.00223940511370474 0.00426339810791308 0.0342760993896429 0 0 0 0 0 0.00126769226691127
"404" 0.0455707060594738 0.0452291078964589 0.0348156298666775 0.0489640613775555 0.0489640613775555 0.0487010473025647 0.0487010473025647 0.0500099820558344 0.0478184556662961
"405" 0.000570769712465287 0.000993467390821403 0.0326344955724134 0.000185673687145781 0.000185673687145781 0.000798645341358605 0.000798645341358605 0.00041727248622369 0.000417907016757094
"406" 0.0470619927517147 0.0493011290048829 0.0370527621539196 0.0510053969147312 0.0510053969147312 0.051067928009476 0.051067928009476 0.0510456346645381 0.0463475562882309
"407" 0.00275185391959477 0.00299978183053094 0.031913442694942 0.00299691384834078 0.00299691384834078 0.00302193589499049 0.00302193589499049 0.00297527920376073 0.00272109632100706
"408" 0.0145686411634709 0.0146613640435612 0.0192020456935574 0.0176652748760068 0.0176652748760068 0.0178295108694706 0.0178295108694706 0.0175327844381171 0.0161156318089778
"409" 0.106523415136648 0.0959078335589361 0.0583203700986942 0.146674703723185 0.146674703723185 0.14780888621432 0.14780888621432 0.149587532034395 0.124425680325397
"410" 0.000747178791642436 0.00195773255750814 0.0316632336712672 0 0 0 0 0 0
"411" 0.0758871012867353 0.080808539856055 0.047478950356628 0.180989464282421 0.180989464282421 0.19616170652715 0.19616170652715 0.144123089542412 0.075710774618449
"412" 0.000415868502283011 0.000783025123903444 0.0157572912538883 7.27596337197408e-06 7.27596337197408e-06 0 0 0 0.000173908652711514
"413" 0.00872552419710813 0.00903305756984898 0.0449395869255834 0.0186808629859072 0.0186808629859072 0.0222305830308114 0.0222305830308114 0.0111482354629151 0.00847780290501647
"414" 0.0330693641810303 0.0337438729189438 0.0432436202234122 0.0769728290678229 0.0769728290678229 0.10807934976669 0.10807934976669 0.041196847423763 0.0325362630323645
"415" 0.0358809854791682 0.0353396113861326 0.047729729587827 0.0718789460172835 0.0718789460172835 0.095077022502814 0.095077022502814 0.0638251779825027 0.0407730576806785
"416" 0.0230927261395663 0.0235117827289073 0.0493801013593959 0.0470827951289418 0.0470827951289418 0.0546056362199146 0.0546056362199146 0.0391059042542111 0.0256027614502599
"417" 0.0212514071758646 0.0220720216275323 0.0363653881020895 0.0461055527541041 0.0461055527541041 0.123468635000464 0.123468635000464 0.0357168599038851 0.0224753584880237
"418" 0.168395911705366 0.179189560529685 0.065599838947112 0.285974471232716 0.285974471232716 0.300549093014609 0.300549093014609 0.285438373693314 0.176593356649748
"419" 0.0494645861252606 0.0483938133412273 0.0517628697469025 0.0789557590522952 0.0789557590522952 0.0810189916576494 0.0810189916576494 0.0797884919860884 0.0611405945357695
"420" 0.000211833578490052 0.000205679813805798 0.0169803405058948 8.05665177870103e-05 8.05665177870103e-05 8.64870455185044e-05 8.64870455185044e-05 8.56345416792102e-05 0.00018730590592717
"421" 0.0358204386827875 0.0411765811056356 0.034250287356924 0.0431364017705492 0.0431364017705492 0.0429456652124623 0.0429456652124623 0.0428025298510741 0.0416243493175627
"422" 0.0117513677050089 0.0117682967645429 0.0340166310228817 0.0122287339970068 0.0122287339970068 0.0118953214234415 0.0118953214234415 0.0126536668891136 0.01158292097823
"423" 0.0986194735024587 0.101506595620814 0.0640784899231043 0.182746405597512 0.182746405597512 0.185168235508783 0.185168235508783 0.175299790661143 0.121348518249529
"424" 0.00944107312487556 0.00880025974840922 0.037855138858777 0.00529268382761202 0.00529268382761202 0.00142210912349851 0.00142210912349851 0.0058658123090784 0.0125163398584594
"425" 0.000716888498356648 0.00233436547440053 0.0337137037098474 0 0 0 0 0 0
"426" 0.0690178091971255 0.0884014503032649 0.0512319369191079 0.107821890216824 0.107821890216824 0.108489135464345 0.108489135464345 0.0903021977364522 0.0805896328961716
"427" 0.0606035263778435 0.0667567381555528 0.0417168929192296 0.127836077334068 0.127836077334068 0.146829352125853 0.146829352125853 0.141793980539405 0.0825816879290336
"428" 0.00248855219429536 0.000173514410442155 0.0325367085313688 0 0 0.00034500345610052 0.00034500345610052 1.60866819784906e-05 0
"429" 0.0246102182264177 0.0243139713405544 0.0335125640368207 0.0228394348047089 0.0228394348047089 0.0222284186775012 0.0222284186775012 0.0229338931080608 0.0220486275767622
"430" 0.0180955895968171 0.0192687876429852 0.0425875223603441 0.0477987867602364 0.0477987867602364 0.066632301797914 0.066632301797914 0.0317013897824062 0.0220909103258998
"431" 0.000134220571242306 0.000712587860416874 0.0402838244832345 0 0 0 0 0 0
"432" 0.0307180374194084 0.0318624311863494 0.036395873850422 0.0519722400340681 0.0519722400340681 0.0542378474221275 0.0542378474221275 0.0535064345426301 0.0369655935051241
"433" 0.00679660465592309 0.00749124024171488 0.0149707504566467 0.017837561249408 0.017837561249408 0.0302968574638076 0.0302968574638076 0.0149791282674374 0.0073647005543076
"434" 0.102746382306271 0.107450025824808 0.0444085177498856 0.197163550831166 0.197163550831166 0.261430936161716 0.261430936161716 0.199242111546213 0.129500531733249
"435" 0.0404640011829653 0.0450539023484753 0.0419044206776737 0.077803902057646 0.077803902057646 0.0982703187288616 0.0982703187288616 0.0482340572657156 0.0432405155656154
"436" 0.0271750048609676 0.0263108914958101 0.0324197007918245 0.0495856920511301 0.0495856920511301 0.0597305556076067 0.0597305556076067 0.0302182435994016 0.0268034332724599
"437" 0.0266731803516909 0.0273332494395506 0.0436293478364571 0.0621078992567752 0.0621078992567752 0.119398640167635 0.119398640167635 0.0358278173772168 0.0261134424196079
"438" 0.0628684135504684 0.065377704690593 0.0389984277757563 0.0739432300425531 0.0739432300425531 0.072088238650361 0.072088238650361 0.0754330122502641 0.063709150402145
"439" 0.026367249478747 0.0294583640799458 0.0454187687714234 0.0724192711510968 0.0724192711510968 0.110906792397768 0.110906792397768 0.0637839379399024 0.0287191664892988
"440" 0.0702387200400694 0.0646449166037775 0.0380688437757832 0.0867097510004986 0.0867097510004986 0.0845662026834466 0.0845662026834466 0.0845649415417849 0.0733791365367064
"441" 0.000186310528978827 0.000339269229038148 0.0325906542287061 0.000380797355954185 0.000380797355954185 1.94973374025269e-06 1.94973374025269e-06 0.00010653489412619 0
"442" 0.0419961745579324 0.0409221241317537 0.031290083466974 0.0413049217988554 0.0413049217988554 0.041449199115476 0.041449199115476 0.0422020485612332 0.0426433311202009
"443" 0.000246696481644384 0.00113828567729432 0.0381048328270495 0 0 0 0 0 0
"444" 0.0701968430994473 0.0665382187118098 0.0440308816518511 0.103479708066276 0.103479708066276 0.1089177840327 0.1089177840327 0.0963366860286352 0.0718376613483643
"445" 0.0332387008321698 0.0345001124414839 0.0454458527719402 0.0896580411417307 0.0896580411417307 0.136266500629982 0.136266500629982 0.0673570894195323 0.0392498590442448
"446" 0.00935627925274029 0.0123649301880169 0.0539529631214811 0.0356606097394866 0.0356606097394866 0.0187620424450067 0.0187620424450067 0.0134978687181717 0.00900288786954343
"447" 0.135024278164141 0.144377623832648 0.0751429382057944 0.415882829611795 0.415882829611795 0.525517525091946 0.525517525091946 0.276642724864442 0.140818967111808
"448" 0.0748681499310914 0.0724175100972381 0.0466877030141242 0.242028150651978 0.242028150651978 0.324223795204273 0.324223795204273 0.134851814345843 0.0716648994768407
"449" 0 0 0.010929522475629 1.40269855812815e-05 1.40269855812815e-05 1.46493196054838e-05 1.46493196054838e-05 1.05398924114302e-05 0
"450" 0.0755293497351092 0.0735152838528685 0.0471076384739813 0.212279893867095 0.212279893867095 0.283046430977084 0.283046430977084 0.108907094025765 0.0753717318650138
"451" 0 0.000420527119240583 0.0352117952672651 0 0 0 0 0 0
"452" 0 0 0.0248609689669978 3.82931693220971e-05 3.82931693220971e-05 0.000119313247999796 0.000119313247999796 9.57634592292431e-07 0
"453" 0.000124414795385007 0.000203824794652862 0 0.000134620361498659 0.000134620361498659 7.26069476140075e-06 7.26069476140075e-06 0.000119362336392587 0.000270822395813064
"454" 0.0781072142452012 0.0781917658610691 0.0694025115083077 0.0785679221138212 0.0785679221138212 0.0787215380768126 0.0787215380768126 0.0786254105122224 0.0785795712423188
"455" 0.0018466485575475 0.00192212077307476 0.0144238634308104 0.00190487025440469 0.00190487025440469 0.00190495604081301 0.00190495604081301 0.00190425863951609 0.00189339002095332
"456" 0.00736685253409694 0.00766317077548168 0.0362668745661695 0.00411184658414663 0.00411184658414663 0.00197165174294895 0.00197165174294895 0.00599282631808121 0.0109747271036774
"457" 0.0264052677563476 0.0288318124429315 0.0429177988390502 0.0695964024127252 0.0695964024127252 0.0867088916104236 0.0867088916104236 0.0491352635380358 0.0278647356114366
"458" 0.037760305838223 0.0364283320613075 0.0402906304393825 0.0437474794687833 0.0437474794687833 0.0440892492135404 0.0440892492135404 0.0433233421494177 0.0402270512989262
"459" 0 0 0.032661803506814 1.68333968107824e-05 1.68333968107824e-05 0 0 0 0
"460" 0.0183266637623175 0.0187789057915986 0.0257416169472574 0.027815631808837 0.027815631808837 0.0285004871501184 0.0285004871501184 0.0278305598156249 0.020305968916908
"461" 0.00838533953942517 0.00874139882580286 0.0139056198184268 0.00898856879447633 0.00898856879447633 0.00887656905835873 0.00887656905835873 0.00864180849155704 0.00823103336843292
"462" 0.0443613057310065 0.0474387427319879 0.070153333702296 0.0747442933520649 0.0747442933520649 0.0893654558262271 0.0893654558262271 0.0535144942244091 0.0414006228676717
"463" 0.00390329914806665 0.00439149825194769 0.0238732927477206 0.0028817973544661 0.0028817973544661 0.00101362316516501 0.00101362316516501 0.00349235469264211 0.00567871469365204
"464" 0.120948834696461 0.123144298520169 0.052957710466607 0.222917147242957 0.222917147242957 0.230472493518447 0.230472493518447 0.214534966479025 0.138623688489047
"465" 0.00507112889488 0.00609025796437519 0.0365905056330315 0.00929613427046981 0.00929613427046981 0.0118296788386443 0.0118296788386443 0.00530798413127849 0.00479611363131205
"466" 0.00395847338195268 0.00393207075508377 0.0146405682421772 0.00412044255868699 0.00412044255868699 0.00400823654820383 0.00400823654820383 0.00435572881185752 0.00390674902114187
"467" 0.00226249937393823 0.00238798691847436 0.0348505142967986 0.00216614095009316 0.00216614095009316 7.75633439614634e-07 7.75633439614634e-07 0.00123242304940041 0.00312770652000641
"468" 0.0425093748453964 0.0471088420359175 0.0549908420452018 0.0504296598948349 0.0504296598948349 0.0520989449791286 0.0520989449791286 0.0475134753688275 0.041892697090309
"469" 0.0443977913871593 0.0479208779437459 0.0644295916785692 0.0741871712454198 0.0741871712454198 0.0874832179997874 0.0874832179997874 0.0535872785048893 0.0409274004802694
"470" 0.037176335105098 0.0385785932739501 0.0312604064197552 0.0387328163853922 0.0387328163853922 0.0381078561194267 0.0381078561194267 0.0379343887110267 0.0379163132563557
"471" 0.000378500319488013 0.000954623521162258 0.0431718006421199 3.42572139927455e-05 3.42572139927455e-05 0 0 0 3.16396774207052e-05
"472" 0.00656935219688208 0.00703287662983662 0.0337303772350808 0.00659491344586641 0.00659491344586641 0.00656293144537294 0.00656293144537294 0.00654906830457289 0.00627520020708096
"473" 0.12402335913351 0.154110566104788 0.0868502771795332 0.409885661568895 0.409885661568895 0.542246432830115 0.542246432830115 0.29268985083985 0.135761322146023
"474" 0.000156649432436327 0.000428285279444584 0.0247087501941061 0 0 0 0 0 0
"475" 0.000424662850137011 0.000545034224734354 0.0306044477863849 0.000272046722977574 0.000272046722977574 9.82649410002269e-05 9.82649410002269e-05 0.000388852736968785 0.00270344464219508
"476" 0.000485134487090126 0.000365277706694269 0.0274764630632425 0.000163600324373564 0.000163600324373564 0 0 0 0.000409662663796732
"477" 0.0888762062213665 0.0949913109975094 0.0481497385583902 0.197252750934685 0.197252750934685 0.19877534467631 0.19877534467631 0.16160550601869 0.0901993209114721
"478" 0.0805502968986544 0.0793084869888978 0.0408555567647327 0.0980376701915811 0.0980376701915811 0.0990371390587602 0.0990371390587602 0.0886723326029373 0.0886905534539215
"479" 0.0010074954178602 0.00148643464568231 0.0329396827400511 8.73138296235196e-05 8.73138296235196e-05 0 0 0 0.000364455292471722
"480" 0.0568278439044274 0.0581843406364139 0.0375487713661141 0.0614099497536978 0.0614099497536978 0.0611455222390483 0.0611455222390483 0.0617734078199245 0.0594084440169524
"481" 0 0 0.033202370973097 0 0 0 0 0 0
"482" 0.054747964017236 0.0559626494833245 0.0546041301748841 0.106363578915584 0.106363578915584 0.104537916640455 0.104537916640455 0.0900033060860008 0.0632646010024265
"483" 0.0873830772229246 0.0860597990844874 0.085974711483846 0.232425049295638 0.232425049295638 0.423593117065743 0.423593117065743 0.137032583314806 0.0857284877845418
"484" 0.0846041382938357 0.0868097338830671 0.0655707632694152 0.171131735313066 0.171131735313066 0.174786103427508 0.174786103427508 0.143778876595102 0.09215068915801
"485" 0.00586808030033446 0.00649251057542646 0.0370905883105651 0.00592971893966942 0.00592971893966942 0.000123763958347675 0.000123763958347675 0.00412177488501961 0.00905972496382573
"486" 0.0578754473800321 0.0635121604206779 0.0583962036891584 0.207562967752014 0.207562967752014 0.332614307001892 0.332614307001892 0.135662478660692 0.0663944658908311
"487" 0.000430001794158698 0 0.0137502090419292 0 0 0 0 0 0
"488" 0.0410869276069416 0.0420997877916992 0.0467057367189915 0.0916607383018053 0.0916607383018053 0.0928941275438822 0.0928941275438822 0.0930442052479051 0.0570797064975167
"489" 0.0360857789436635 0.0375351196246173 0.0437462152631453 0.0963937887894831 0.0963937887894831 0.152937686124323 0.152937686124323 0.0773775652822576 0.0422445422582489
"490" 0.143662609037031 0.15551735679149 0.0648959876442839 0.336908771208159 0.336908771208159 0.351227672324127 0.351227672324127 0.272858453641901 0.163691814092737
"491" 0.109444497346832 0.104524737011641 0.0511672656823752 0.191277378483292 0.191277378483292 0.190442479097947 0.190442479097947 0.176844665013259 0.117966280974945
"492" 0.00971571998915479 0.00988435951182658 0.0332021707163285 0.00984368208018684 0.00984368208018684 0.00956724851893633 0.00956724851893633 0.0104746591854309 0.00949937196730739
"493" 0.0156951154298354 0.0167304959142427 0.0234366463619765 0.0170208885480889 0.0170208885480889 0.0168506868698523 0.0168506868698523 0.016472911931275 0.01563227714529
"494" 0.0658456896223806 0.0730597763044941 0.0748581332927094 0.109282842398057 0.109282842398057 0.112623837433867 0.112623837433867 0.11082524180332 0.0840143609987832
"495" 0.167587425713842 0.155822009633707 0.111486992156943 0.215501175785209 0.215501175785209 0.227408783619799 0.227408783619799 0.20536843190931 0.162125017448541
"496" 0.0014292700803044 0.000328234379760462 0.0336254139104055 0 0 0 0 0 0.000883273371339855
"497" 0.000287261589914136 0.000521645152982989 0.0270736413691922 9.68641756088623e-05 9.68641756088623e-05 1.47135141255499e-05 1.47135141255499e-05 0.000216077988088422 0.000107190227956923
"498" 0.0271730029073432 0.0258733762474732 0.0405176010779674 0.0650788535857183 0.0650788535857183 0.0773145891252028 0.0773145891252028 0.0425288357325043 0.0293660085051083
"499" 0.105421724706256 0.139218771268997 0.177838183377364 0.401029177424645 0.401029177424645 0.407447004192033 0.407447004192033 0.262854141473368 0.137198219110562
"500" 0 0 0.0156752840202399 0 0 1.78595870092145e-05 1.78595870092145e-05 1.46298789007519e-05 0
"501" 0.0518866518096069 0.0500565796799069 0.0423164797082636 0.0732694407961162 0.0732694407961162 0.0778937782320412 0.0778937782320412 0.069137125400221 0.055590857839876
"502" 0.0895873064105589 0.083160120018901 0.0655567845514778 0.143184458930368 0.143184458930368 0.140667176873659 0.140667176873659 0.143791886877057 0.113079430720731
"503" 0.125735307105164 0.126221943936683 0.0481612024056368 0.189857115242004 0.189857115242004 0.193955729240884 0.193955729240884 0.186749420678283 0.13508981467643
"504" 0.00393327544349189 0.00586230362059544 0.00790894612481597 0.00343759193332372 0.00343759193332372 0.00035406150008815 0.00035406150008815 0.00244975382018584 0.0054757233755777
"505" 0.0162475309816192 0.0173061666636134 0.0371718334897977 0.0306396373713605 0.0306396373713605 0.0636508878299281 0.0636508878299281 0.0291178124668939 0.0168860156543226
"506" 0.000184541394671057 0.000696824194185614 0.0416055812944478 0 0 0 0 0 0
"507" 0.0203296042203972 0.0199744193888666 0.0349502110653661 0.0243442869281093 0.0243442869281093 0.0212984860739048 0.0212984860739048 0.0210109742018953 0.0203503858889465
"508" 0.0241672815989044 0.0236746634041778 0.0349901724313657 0.0258884644754797 0.0258884644754797 0.0255769333795235 0.0255769333795235 0.0276710917826012 0.0244331639023856
"509" 0.0394250838780765 0.0398394863506262 0.0419835903970809 0.0546665598696236 0.0546665598696236 0.0587464718485567 0.0587464718485567 0.0526709201866935 0.0426436241062657
"510" 0.00406594839767771 0.0114866096841779 0.0325913654948064 0.0128658076527395 0.0128658076527395 0.0121845552949518 0.0121845552949518 0.00929898649231672 0.00416247236080176
"511" 0.0867021137271463 0.0876559484890105 0.0493535746615429 0.17854625802431 0.17854625802431 0.186610146123662 0.186610146123662 0.142752531539453 0.0859871418994338
"512" 0.000203908033595709 0 0.0234580858805732 0 0 0 0 0 0
"513" 0.0257803979673079 0.0224860794669167 0.0331972316933639 0.0234407654322575 0.0234407654322575 0.0236431453011435 0.0236431453011435 0.0247908430843578 0.0245183657853126
"514" 0.08919452858215 0.0924876508899452 0.0612668064345616 0.201607963378984 0.201607963378984 0.204177477517395 0.204177477517395 0.179212251009577 0.113050582523086
"515" 0.000334756849934081 0 0.0232905218540459 0 0 0 0 0 0.000145560056527897
"516" 0 1.6879546153157e-05 0.00988884800342499 3.47007213863363e-05 3.47007213863363e-05 0 0 0 0
"517" 0.000221781673292498 0.000476678656951439 0.0313939639053143 0 0 0 0 0 0.000117754312933918
"518" 0.000361433619461905 0.000750128076530163 0.0326377155999105 8.92146329533963e-05 8.92146329533963e-05 9.58069329275368e-05 9.58069329275368e-05 0.000199458529255166 0.000341439880337408
"519" 0.00328204274686942 0.00539676697125775 0.0414926936695372 0.0028221612123916 0.0028221612123916 0.00354564825119836 0.00354564825119836 0.00259568654780282 0.00204367498398436
"520" 0.0294199561570683 0.0282910538941625 0.0302726876344921 0.0295176815162227 0.0295176815162227 0.0294932096355365 0.0294932096355365 0.029531947818398 0.029487621785593
"521" 0.046918936342052 0.0461103515028219 0.0489965160287389 0.0717905982453567 0.0717905982453567 0.0726418763097049 0.0726418763097049 0.0712862878769319 0.0585834475319134
"522" 0.00769129581737394 0.00788607149291925 0.027441817171014 0.01764257895765 0.01764257895765 0.0260558591012327 0.0260558591012327 0.012105084901734 0.00853071699313401
"523" 0.0472837018329406 0.0639584280505717 0.0501459864965322 0.0792264065401651 0.0792264065401651 0.0733539871562622 0.0733539871562622 0.0650747893451248 0.0556317976470443
"524" 0.0263221078115676 0.0267108620941774 0.0426188757127817 0.0583259233308777 0.0583259233308777 0.0854921972690113 0.0854921972690113 0.0467567212504953 0.0296141131729868
"525" 0.0423247152115757 0.042575561610555 0.047298424496381 0.0860424659229806 0.0860424659229806 0.108257307806513 0.108257307806513 0.0715193477195945 0.049547344039746
"526" 0.0193297995108201 0.0202152329961556 0.0337759021702681 0.0247949558969631 0.0247949558969631 0.0481516376758038 0.0481516376758038 0.0267132576588725 0.0217073064571863
"527" 0.0102035666893057 0.0140027908472715 0.032873192255746 0.00483098751548781 0.00483098751548781 0.0271156461414865 0.0271156461414865 0.026233288387407 0.00524881721149153
"528" 0.0306443594612918 0.0323290085592584 0.0459390677773827 0.0390081660366559 0.0390081660366559 0.0306633672379385 0.0306633672379385 0.027496930287664 0.0295839161000738
"529" 0.0159660617235495 0.0185079169429807 0.0313705251371559 0.0136948458349001 0.0136948458349001 0.0212800811812416 0.0212800811812416 0.0127691492094937 0.0135149114019312
"530" 0.00683911171442594 0.00926964916412523 0.030744318314394 0.00587235845755834 0.00587235845755834 0.00634383594527715 0.00634383594527715 0.00463109490856874 0.00460205325950139
"531" 0.0113570171682144 0.0149734456276411 0.0329359369579027 0.0123158138029086 0.0123158138029086 0.0510498420296206 0.0510498420296206 0.00960799994353522 0.00968860781663169
"532" 0.00653943372337621 0.00724475268180676 0.0331207136237948 0.010354091482276 0.010354091482276 0.0166224582182044 0.0166224582182044 0.00836261464580225 0.00665507661162538
"533" 0.030542928828539 0.0304445990272887 0.0396380862709639 0.0413204812026605 0.0413204812026605 0.0410676692156198 0.0410676692156198 0.03383250913165 0.0312917099399454
"534" 0.00158792407154872 0.00290895176341772 0.0312876889264308 0.00133359547103633 0.00133359547103633 0.00153215806752429 0.00153215806752429 0.000955337509173301 0.000901046333480359
"535" 0.00495819349288129 0.00698867336789462 0.0305985767690205 0.00303280336699632 0.00303280336699632 0.00255912833782744 0.00255912833782744 0.00219554649917902 0.00276656569844523
"536" 0.00414337689572273 0.00853120107672427 0.0315683471983525 0.000434801582792902 0.000434801582792902 0 0 0 0.000541433643185425
"537" 0.00155165075990201 0.00220944454270617 0.032491877618243 0.00124016108302075 0.00124016108302075 0.00120047106365769 0.00120047106365769 0.00111777171188859 0.00111951587537865
"538" 0.0207692257598897 0.0213877137182618 0.0342347165781185 0.0328438683028269 0.0328438683028269 0.0435887472924185 0.0435887472924185 0.0267337576028594 0.0220445057675195
"539" 0.0115161921184638 0.0119964388913097 0.0182895934585944 0.0174041916442708 0.0174041916442708 0.0311104295374917 0.0311104295374917 0.0133965131041166 0.0112301214550224
"540" 0.000567718972140557 0.000661203414414567 0.0112466151096 0.000802780305992912 0.000802780305992912 0.00143731523693204 0.00143731523693204 0.000621730234262534 0.00052852773336769
"541" 0.00166018454728402 0.00270452407620329 0.0314330067402467 0.000397749116153452 0.000397749116153452 0.00522039908496382 0.00522039908496382 0 0.000430353728479845
"542" 0.00832937476630314 0.0118093504064297 0.0326481404570584 0.00411492676527384 0.00411492676527384 0.00295446229116019 0.00295446229116019 0.00204673026009451 0.00400327662532127
"543" 0.0145028499856983 0.0165833613223398 0.0332683407985604 0.0182853789514682 0.0182853789514682 0.0194619608754681 0.0194619608754681 0.0150653066583654 0.0133254734195398
"544" 0.0237564585336412 0.0233730681254056 0.0329203666005434 0.0262241212913892 0.0262241212913892 0.0386136450428151 0.0386136450428151 0.0309531074088631 0.0260613036329701
"545" 0.0216803178998315 0.0213230628427062 0.0398516405017643 0.0193095381479319 0.0193095381479319 0.0322745993982357 0.0322745993982357 0.0313158288692396 0.0216978533704388
"546" 0.0158574782512353 0.017620898552091 0.0338673990361526 0.0199256744914357 0.0199256744914357 0.0635274787598725 0.0635274787598725 0.0170643971974736 0.0151275706551297
"547" 0.0147167231737877 0.0178550642194723 0.0319388468533046 0.0104227452521505 0.0104227452521505 0.015556539538647 0.015556539538647 0.00967453161181606 0.0107846483900323
"548" 0.0190774913484806 0.0197937297715018 0.036156691563869 0.0249978697754251 0.0249978697754251 0.0234196867760121 0.0234196867760121 0.0186973630757333 0.0190214439629875
"549" 0.00889349715048208 0.0100439217760009 0.0337303813868575 0.0130365535570153 0.0130365535570153 0.0164850007671216 0.0164850007671216 0.00949473601637267 0.00846363287432277
"550" 0.00255696246919337 0.00393438790250438 0.0328028038185388 0.00263850315364103 0.00263850315364103 0.00317468123842168 0.00317468123842168 0.00174337676615363 0.00177439414572755
"551" 0.0153696095172804 0.0175324622073369 0.0325857050452197 0.017351532096592 0.017351532096592 0.0188027463926377 0.0188027463926377 0.0155698131139596 0.0143868614061809
