"V1" "V2" "V3" "V4" "V5" "V6" "V7" "V8" "V9"
"1" 0.941788238769396 0.94303559161132 0.931739388618243 0.874242633071355 0.874242633071355 0.530896375499194 0.530896375499194 0.889502093418434 0.940011131273244
"2" 0.968880471332815 0.966636599889129 0.942691545255475 0.920091981772414 0.920091981772414 0.943182966276735 0.943182966276735 0.976140940397407 0.973560959427588
"3" 0.791091358025445 0.777185567397124 0.721690257504397 0.38166752884209 0.38166752884209 0.0979818917123089 0.0979818917123089 0.61733384536627 0.739277402880791
"4" 0.848059809245794 0.838915085408247 0.838385519239017 0.558150558205915 0.558150558205915 0.166571465209789 0.166571465209789 0.673439168875263 0.826630129888723
"5" 0.862417562104113 0.858171098637407 0.829474987981335 0.611591626520664 0.611591626520664 0.247715558074238 0.247715558074238 0.659821315624526 0.822256924163912
"6" 0.891780950901494 0.896651754840014 0.895920419613834 0.77090898724697 0.77090898724697 0.599778038297207 0.599778038297207 0.810200131522916 0.881092764530094
"7" 0.718932935098509 0.69587151552555 0.601865669120239 0.277119066934748 0.277119066934748 0 0 0.479028731316257 0.636275150510043
"8" 0.567301800935806 0.55880861218673 0.516374318415762 0.258895951294531 0.258895951294531 0 0 0.212884166666308 0.440423859628693
"9" 0.974053749080424 0.976378164776074 0.953425481203461 0.951641249734212 0.951641249734212 0.878529486736408 0.878529486736408 0.959741796082156 0.973684519846113
"10" 0.776181508446332 0.769844618712694 0.726515222019538 0.504835538358311 0.504835538358311 0.230829787899678 0.230829787899678 0.556043999982459 0.71020574965638
"11" 0.81102378931461 0.809704967971839 0.759563480424507 0.471492375632567 0.471492375632567 0.180948699618706 0.180948699618706 0.623137339345542 0.781955670286222
"12" 0.867908038949544 0.868920815592832 0.855378934702651 0.663592592068375 0.663592592068375 0.291344121762709 0.291344121762709 0.692970386071996 0.839469599267285
"13" 0.0618631140644978 0.0478564255387787 0.0452902210984995 0.00194887522985741 0.00194887522985741 0.00256570313287703 0.00256570313287703 0.0286070584768705 0.106855217066103
"14" 0.834245554362696 0.830055008324814 0.806071965340801 0.600276693055373 0.600276693055373 0.29157255992505 0.29157255992505 0.722933060564152 0.809565935581561
"15" 0.790498552565904 0.779514170475569 0.712965189808391 0.484802248855868 0.484802248855868 0 0 0.605864800490584 0.744235988103851
"16" 0.0821276815085852 0.0618273352350896 0.0533696599546161 0.00458962840329431 0.00458962840329431 0.00713659579639932 0.00713659579639932 0.0349646240869346 0.124235846829482
"17" 0.881054527874689 0.880481746518752 0.85634548706589 0.710052734527515 0.710052734527515 0.338142699351764 0.338142699351764 0.772871397131294 0.868410883630683
"18" 0.0332961563863364 0.0171096599492812 0.0170807358134058 0.000156117597261773 0.000156117597261773 0 0 0.0158500515501823 0.0470669877415187
"19" 0.80775365507647 0.801751424819161 0.745807329059598 0.502931621640457 0.502931621640457 0.101529415624246 0.101529415624246 0.640692678045206 0.764096236312162
"20" 0.519085173584257 0.524316157150109 0.340346581018394 0.105711722489546 0.105711722489546 0.0531217251784435 0.0531217251784435 0.109904216220531 0.38472828375242
"21" 0.150159240422654 0.13002319571863 0.00215835910247506 0.00261403704731681 0.00261403704731681 0 0 0.0591923731237538 0.117280086096468
"22" 0.593861771636603 0.593889030011774 0.433568615646761 0.338114373521176 0.338114373521176 0.0700179159736565 0.0700179159736565 0.358832581072817 0.643014187772123
"23" 0.913511452730061 0.912308000917569 0.873156109458132 0.80083093585348 0.80083093585348 0.699605669047733 0.699605669047733 0.90350591495822 0.919715744086661
"24" 0.00501749720612287 0.0207789417496637 0 0.00318277731069658 0.00318277731069658 0.00333925999117874 0.00333925999117874 0.00324801937409953 0.00551525790002496
"25" 0.388945068915337 0.317162704660097 0.328877131134623 0.0627905724309513 0.0627905724309513 0 0 0.0183215097670328 0.244965058609755
"26" 0.0387027265483907 0.0820501804302245 0.00876081592029442 0.0263091483658121 0.0263091483658121 0 0 0.0139767131121486 0.0431937282785526
"27" 0.0150471299201433 0.0380077932897021 0.0269971768940941 0.0326530143132274 0.0326530143132274 0 0 0.00431944045377443 0.0390684999354821
"28" 0.234989803045386 0.325963216093054 0.0879712580466501 0.021793248321767 0.021793248321767 0.00827823718347305 0.00827823718347305 0.0387170914565685 0.143614694044704
"29" 0.180563144101134 0.290607900965637 0.0787627759189256 0.0283634072320238 0.0283634072320238 0 0 0.0198834409665465 0.201274823149686
"30" 0.657657691834811 0.667037644561378 0.544417885111507 0.281815821088525 0.281815821088525 0.0594016694799086 0.0594016694799086 0.368684963866435 0.623588968853444
"31" 0.0449028136602356 0.0181168673227991 0.00900821687685946 0 0 0 0 0 0.0041133213102027
"32" 0.0996892212041543 0.0404372938357584 0.0194267636467849 0 0 0 0 0 0.0440465231189743
"33" 0.912486839606238 0.905852270377276 0.877717149155666 0.824316383619364 0.824316383619364 0.775010829187755 0.775010829187755 0.899860166882434 0.916063241339552
"34" 0.693329001715157 0.70206020072909 0.62450939708531 0.260064112761149 0.260064112761149 0.129880737127008 0.129880737127008 0.282876342781837 0.58294647489633
"35" 0 0 0.000350277195564467 0 0 0.00028212405624183 0.00028212405624183 0 0
"36" 0.781854583775786 0.782316379601945 0.753176869617899 0.403951530625428 0.403951530625428 0.173249594493259 0.173249594493259 0.612385613224498 0.786678869253838
"37" 0.472648383612527 0.294341711788102 0.204074509723888 0.074758300003824 0.074758300003824 0.0172604748920153 0.0172604748920153 0.304789644385009 0.489710827647702
"38" 0.552149180250797 0.531545562581486 0.376938301700386 0.0361511667359504 0.0361511667359504 0.049440094419769 0.049440094419769 0.390573066444123 0.515368252433735
"39" 0.00267140729043385 0.0176805900206372 0 0 0 4.67731334156285e-05 4.67731334156285e-05 0 0.00312965161698094
"40" 0.0179316010511202 0.0196592245654398 0 0 0 0 0 0 0.0413397752568305
"41" 0.0798852552995245 0.0584960147738128 0.029088865185341 0.00176950009883731 0.00176950009883731 0 0 0.00113362451954411 0.0448843475002563
"42" 0.918861339862072 0.919438429663843 0.906133447600438 0.770185057228953 0.770185057228953 0.501955803159078 0.501955803159078 0.874352532229042 0.915870734759631
"43" 0.668704206317523 0.678616306751129 0.56019148010752 0.308907431141101 0.308907431141101 0.263114809063602 0.263114809063602 0.460795951516585 0.600298202105172
"44" 0.982648797780605 0.982959910212217 0.953183109713199 0.972112033822501 0.972112033822501 0.959866143054416 0.959866143054416 0.982364690876608 0.984842579907698
"45" 0 0 0 0 0 0.00141470723108454 0.00141470723108454 0.000288723970972562 0
"46" 0.907932333473219 0.904682354125096 0.88243569125413 0.839364227194661 0.839364227194661 0.577970826781098 0.577970826781098 0.841996681168829 0.903068416226289
"47" 0.688951333629817 0.666879292194744 0.626614795347831 0.207058241673628 0.207058241673628 0.00882029041520816 0.00882029041520816 0.403048727876978 0.686962410009205
"48" 0.811600594080836 0.804383222592325 0.752538124355478 0.463679201926827 0.463679201926827 0.181943628373838 0.181943628373838 0.584282166684599 0.771657346723841
"49" 0.00339563406685458 0 0 0 0 0 0 0 0.00757900690823041
"50" 0.0646610298106524 0.0267385010514321 0.00350824881202701 0 0 0 0 0 0.0182020443292401
"51" 0.886184799304848 0.884952754096205 0.854682117499831 0.702948392947842 0.702948392947842 0.549250577547656 0.549250577547656 0.857135633047666 0.891835576780874
"52" 0.718979769153553 0.718915503492587 0.712853488324801 0.498967665904615 0.498967665904615 0.301996402418594 0.301996402418594 0.447350483628706 0.652955056302078
"53" 0.935922600846759 0.936330151649027 0.906162091310819 0.799131393722934 0.799131393722934 0.583533940151993 0.583533940151993 0.879235991181365 0.934938187094855
"54" 0.174478317034741 0.183540448523006 0.0511949245182886 0 0 0 0 0.01642952325098 0.112529401002108
"55" 0.625449031681157 0.624313613883833 0.506855927644578 0.151066418173348 0.151066418173348 0.122500460956412 0.122500460956412 0.266982088884258 0.528465143502182
"56" 0.949165855880936 0.947266478332783 0.904216080348191 0.870376717440435 0.870376717440435 0.683613187224634 0.683613187224634 0.941216085887932 0.953054004604846
"57" 0.781272892940682 0.762990707133862 0.711904287650084 0.356373699246984 0.356373699246984 0.0610518199045144 0.0610518199045144 0.603576911449143 0.758489356444803
"58" 0.0397511362238348 0.062179317188608 0.0010639152840591 0 0 0 0 0 0.00373798216011903
"59" 0.484376603472126 0.527338398660865 0.438288884245282 0.0713766278354395 0.0713766278354395 0.0700911465728658 0.0700911465728658 0.164046191898642 0.400882773439313
"60" 0.530159740581962 0.51508510681476 0.475567204887011 0.0581687943233327 0.0581687943233327 0.0780962575323113 0.0780962575323113 0.174743033127151 0.409474888295728
"61" 0.539749914459315 0.526790106048063 0.482706437072837 0.106216529164394 0.106216529164394 0.0806735321499725 0.0806735321499725 0.163927101999578 0.440298686355036
"62" 0.788735513454887 0.778465258920661 0.68751424590524 0.396135377764945 0.396135377764945 0.158429650908535 0.158429650908535 0.590118286845658 0.741952361586864
"63" 0.963385423309868 0.962372751660809 0.932154534664321 0.944567698527219 0.944567698527219 0.916105436208613 0.916105436208613 0.96590153807838 0.967727531398078
"64" 0.0730939565016652 0.0190842082512226 0.0199876071607068 4.02583980822982e-05 4.02583980822982e-05 0.000691248814092209 0.000691248814092209 0.0291341977287248 0.0609981307921642
"65" 0.00456198178353539 0 0.00110103266852895 0 0 0.000386639016930957 0.000386639016930957 0 0.0118264835919076
"66" 0.785825381258231 0.77779467143661 0.726505885763869 0.41717188789377 0.41717188789377 0.234205751341449 0.234205751341449 0.571628764787319 0.745911158761188
"67" 0.764041086026857 0.75452029697582 0.755056623741567 0.464116612616659 0.464116612616659 0.151594845616578 0.151594845616578 0.489242966853522 0.712972423755117
"68" 0.0147115464392006 0.00360581320967882 0.00175950772692233 0 0 0 0 0 0.0137998543528798
"69" 0.959837700279899 0.963115541977409 0.921340440552293 0.918754522334819 0.918754522334819 0.897876368863241 0.897876368863241 0.95271854415804 0.959146290997117
"70" 0.927383416807391 0.930668402965904 0.926498729027594 0.852602042753794 0.852602042753794 0.798203303614456 0.798203303614456 0.922189956663903 0.929950684388919
"71" 0 0 0 0 0 0 0 0 0
"72" 0.980909167435307 0.981406946866229 0.945220428532753 0.972047641223793 0.972047641223793 0.961346001405944 0.961346001405944 0.98098303502898 0.983319380632593
"73" 0.286665051602349 0.166332861986324 0.0911874144721883 0.0318845373449625 0.0318845373449625 0.018519798987637 0.018519798987637 0.185439203008881 0.309242613785171
"74" 0.996684932312555 0.997093396418714 0.988555231352594 0.995946716197793 0.995946716197793 0.994236501181346 0.994236501181346 0.997328029277952 0.997730660139624
"75" 0.676147242872933 0.685485719695318 0.602937230612838 0.404924224444265 0.404924224444265 0.0569738440209897 0.0569738440209897 0.48121989903903 0.654803669940695
"76" 0.624489155326955 0.637974682406678 0.469853296861805 0.278627198038394 0.278627198038394 0.170488964708739 0.170488964708739 0.390998669985316 0.60379338081637
"77" 0.453783244051812 0.471091177807006 0.307185738072739 0.179750558790345 0.179750558790345 0.086834144110872 0.086834144110872 0.27310747439451 0.438471513786942
"78" 0.0588031982648659 0.0392456238862302 0.0275500037288162 0 0 0 0 0.026860965369451 0.107098825039558
"79" 0.36606787318727 0.401424968876813 0.214307093726083 0 0 0 0 0.0972458603954091 0.320935119376359
"80" 0.474761420212058 0.460516192905448 0.345976053248829 0.040357346611307 0.040357346611307 0 0 0.191983842529577 0.447323247316844
"81" 0.579905599239903 0.549048060751057 0.451690540743677 0.0584981633464722 0.0584981633464722 0 0 0.228200024308787 0.586610674157456
"82" 0.261361566933087 0.247245482751432 0.141602236370407 0.0105000343808202 0.0105000343808202 0 0 0.0790601778937672 0.179100637719614
"83" 0.482335362980958 0.388555505345049 0.202608618784206 0.117970399568139 0.117970399568139 0.0237060184207796 0.0237060184207796 0.2718941419239 0.52153499949876
"84" 0.548738079391567 0.532378263034675 0.497937665749805 0.116529539916132 0.116529539916132 0.0860722397443954 0.0860722397443954 0.179032188082797 0.450214314921958
"85" 0 0.000652740776847607 0 0 0 0 0 0 0.0220288848700678
"86" 0.94525063494682 0.943731388020175 0.921031398382239 0.848236233672591 0.848236233672591 0.728511473931621 0.728511473931621 0.933181807443912 0.949651191281056
"87" 0.61873802305073 0.606253529437175 0.509320461164303 0.153471199195469 0.153471199195469 0.0605864539969952 0.0605864539969952 0.325114839346023 0.616283984182141
"88" 0 0 0.000180865771831432 0 0 0 0 0 0
"89" 0.764024392256573 0.738947164828196 0.722808143851966 0.413286544927902 0.413286544927902 0.105539103319119 0.105539103319119 0.631661770738422 0.747342917657902
"90" 0.864675074840064 0.85376453438682 0.811805906028595 0.728346981854864 0.728346981854864 0.601860901953317 0.601860901953317 0.832432173120164 0.858330547357363
"91" 0.0108060770352989 0.000190285650020582 0 0.00167055424768151 0.00167055424768151 0.00178512154737293 0.00178512154737293 0.00173583817128183 0.0369259315353851
"92" 0.860542831127218 0.857587833614152 0.841925247686633 0.645325724996699 0.645325724996699 0.305692568522544 0.305692568522544 0.716943949061881 0.839329898540053
"93" 0.79782179731726 0.794019039364544 0.732954114928353 0.437165047150026 0.437165047150026 0.229263135578992 0.229263135578992 0.636779093931175 0.761343657518794
"94" 6.07055787937392e-05 0 0 0 0 4.32810124210435e-05 4.32810124210435e-05 0 0.00100410443969456
"95" 0.538880160785817 0.50659651163578 0.476610357877183 0.0857364042417906 0.0857364042417906 0.0736284044576854 0.0736284044576854 0.162940870057322 0.425955525708605
"96" 0.364953676716012 0.348986676575046 0.173245352928049 0.0080024495704449 0.0080024495704449 0 0 0.0842840534110626 0.285373053231992
"97" 0.245311564116393 0.302751497141121 0.091230500757907 0.0276725909255334 0.0276725909255334 0 0 0.000509184694209439 0.229949044808456
"98" 0.688376272092461 0.67086318569485 0.512479026651602 0.371947815733528 0.371947815733528 0.287262144350166 0.287262144350166 0.535063563919978 0.652926953253943
"99" 0.925031598118506 0.924571222945639 0.885698591854617 0.883807437440434 0.883807437440434 0.833531497150268 0.833531497150268 0.919233795608331 0.928267729203035
"100" 0.0542176879115031 0.0306936841625235 0.00347017102488176 0 0 0 0 0 0.00630552714370464
"101" 0.676261281023316 0.673295470674036 0.578121289404848 0.381331505178333 0.381331505178333 0.0931861207432089 0.0931861207432089 0.468959038764842 0.645931623849038
"102" 0.83775528918818 0.845957089394209 0.821070573126904 0.673064461144426 0.673064461144426 0.428770917735028 0.428770917735028 0.707622292317647 0.808930059028066
"103" 0 0 0 0 0 0 0 0 0
"104" 0.443087915487708 0.471829872637598 0.376195730341021 0.342665180162646 0.342665180162646 0.0868197240173543 0.0868197240173543 0.368054961237721 0.520361632389935
"105" 0.854071151928498 0.855779164298817 0.813304183735748 0.707745963826419 0.707745963826419 0.654312316856762 0.654312316856762 0.833480333937764 0.86078232217969
"106" 0.471868831250944 0.467133735476306 0.300093168059803 0.0418040925442914 0.0418040925442914 0.0531504665479723 0.0531504665479723 0.0476416553485597 0.332006163697806
"107" 0.528587611352318 0.544313724084433 0.475666226446501 0.0510162779281069 0.0510162779281069 0.0448222524141817 0.0448222524141817 0.180175582462717 0.407099053866896
"108" 0 0 0.00246098587895698 0 0 1.33917120967198e-05 1.33917120967198e-05 2.55536857040687e-05 0
"109" 0.725014472629295 0.722087150309037 0.626507923256817 0.392130113904265 0.392130113904265 0.0924401250833226 0.0924401250833226 0.53857610223894 0.696549068989465
"110" 0.295838931042013 0.309487297415478 0.149909706004518 0.000907507315619335 0.000907507315619335 0.00304164229537904 0.00304164229537904 0.0111674558673527 0.251803357480629
"111" 0.197598665499226 0.171260111147717 0.0595416137714245 0.0187810912291971 0.0187810912291971 0 0 0.0266423498236288 0.158530187033166
"112" 0.294614149108191 0.349654742136857 0.19236896417398 0.0510569388796706 0.0510569388796706 0.0277994828803654 0.0277994828803654 0.0743021229930746 0.276847620396894
"113" 0.0146355084633716 0.00217023757491806 0 0 0 0 0 0 0.00825290710700409
"114" 0.73925083189106 0.732526247733879 0.687783512279702 0.346979084792842 0.346979084792842 0.241579545450862 0.241579545450862 0.527302752689103 0.740318819369303
"115" 0.697593359195347 0.699166520129043 0.605401678014963 0.375558078228621 0.375558078228621 0.0854742418408068 0.0854742418408068 0.49834550846281 0.66924362155721
"116" 0.0171017486848219 0.0284678646110985 0 0.0268536110952311 0.0268536110952311 6.48434681567467e-05 6.48434681567467e-05 0 0.00713411046749562
"117" 0.096291912091708 0.105803804256545 0 0 0 0 0 0 0.0348632841280113
"118" 0.581388295965856 0.560624763230759 0.428969534041244 0.181719588995727 0.181719588995727 0.00169995495780835 0.00169995495780835 0.247990812352323 0.504128327919084
"119" 0.56695195283394 0.528845163224816 0.481133596881683 0.0242799817110255 0.0242799817110255 0 0 0.204950298498369 0.560606399574814
"120" 0.929828973668343 0.928287281434829 0.907266448689051 0.807959517111462 0.807959517111462 0.639744032130907 0.639744032130907 0.899695828513786 0.927523418835769
"121" 0.803330994051918 0.772832323580419 0.685278390698647 0.335577254073168 0.335577254073168 0.125856896987107 0.125856896987107 0.540218080078354 0.795427694401621
"122" 0.420425696628587 0.292298618654394 0.0574401388429113 0.0597097249946274 0.0597097249946274 0 0 0.129448641288812 0.496414898407503
"123" 0.5734715384712 0.430643054137912 0.43910930968965 0.0764646553192967 0.0764646553192967 0 0 0.116268787381256 0.494705235563355
"124" 7.01365825720664e-05 0 9.12470777969457e-05 1.93622510974457e-05 1.93622510974457e-05 0 0 0 0
"125" 0.637090935847934 0.632541376362444 0.635019092950238 0.291100763296168 0.291100763296168 0.141391447251863 0.141391447251863 0.218700748008311 0.532699865093869
"126" 0.980462310738816 0.980947818349745 0.935839712366424 0.955742765186242 0.955742765186242 0.943226863374109 0.943226863374109 0.975432429603979 0.981378712232875
"127" 0.560759267836181 0.54331941664418 0.328279404157323 0.056211670065533 0.056211670065533 0.00737989785401047 0.00737989785401047 0.164294848660203 0.394434328180674
"128" 0.95467626502515 0.956349994072446 0.924277414571626 0.937439004493051 0.937439004493051 0.930930135647648 0.930930135647648 0.954071186120854 0.958586237895254
"129" 0.487049919989919 0.464649332422713 0.311801641030854 0.000251517466329867 0.000251517466329867 0.000765937089245256 0.000765937089245256 0.128478627153022 0.426984642054451
"130" 0.057856769974636 0.00975006814688396 0 0 0 0 0 0 0.0119730582230288
"131" 0 0 0.00273916350716767 0 0 0 0 0 2.45781812431308e-06
"132" 0 0 4.68481471530521e-05 0 0 3.47423560270351e-05 3.47423560270351e-05 0 0
"133" 0.564879018987642 0.563198887117577 0.38911449344648 0.213693733846935 0.213693733846935 0.0958993088746265 0.0958993088746265 0.341816778302636 0.522116661952521
"134" 0 0.0142458626072027 0.00824628811483858 0 0 0 0 0 0.00806433338652617
"135" 0.239936674210144 0.233848554992088 0.0671435553384391 0 0 0 0 0.0296011263355155 0.187335649547242
"136" 0.412566703049638 0.395106951920725 0.277602350962572 0.0132366957829879 0.0132366957829879 2.50041060913277e-05 2.50041060913277e-05 0.0559583983986338 0.367196168830177
"137" 0.868158588247835 0.865970078730055 0.838847398464395 0.637959426596317 0.637959426596317 0.409735224007728 0.409735224007728 0.777474253111503 0.865614742296378
"138" 0.402949911687679 0.421922748829264 0.219983648070552 0.057110006777282 0.057110006777282 0.0305716772199745 0.0305716772199745 0.0155987272186617 0.305868379439935
"139" 0.939177513919423 0.940479093657692 0.907202676948982 0.910003545081637 0.910003545081637 0.88487147514338 0.88487147514338 0.937671328407438 0.942731112821533
"140" 7.22478529026143e-06 0 0 9.45693693516277e-05 9.45693693516277e-05 8.32668694909522e-05 8.32668694909522e-05 0 0
"141" 0 0 0 0 0 0 0 0 0.0079514306146666
"142" 0.0982546173964299 0.106140745355905 0.0335580757662607 0.00311952501327104 0.00311952501327104 0 0 0.00360471860419246 0.0963032243531315
"143" 0.140588633128902 0.138713982204803 0.0277672373506902 0 0 0 0 0.0234471837364727 0.101728252584571
"144" 0.570770227192585 0.553601475904444 0.4646516263705 0.0877436855296864 0.0877436855296864 0.00639641663432272 0.00639641663432272 0.280602113600551 0.521332008553534
"145" 0.738909477362351 0.743288470142528 0.666423888302171 0.357736713636145 0.357736713636145 0.13312650225644 0.13312650225644 0.477979355588704 0.740879239130348
"146" 0.215094294271506 0.270568809420394 0.0575453398629975 0.0159539841002816 0.0159539841002816 0 0 0 0.190704710052587
"147" 0.751840459274809 0.724802596954298 0.698500929748404 0.193409476569978 0.193409476569978 0.0144021828195495 0.0144021828195495 0.553401923562274 0.736347688595149
"148" 0.543119423026031 0.503612309711416 0.379494792366535 0 0 0 0 0.186658640169513 0.540496526558298
"149" 0.988832392440289 0.989118199116498 0.957321164918972 0.984190771018513 0.984190771018513 0.976654890263323 0.976654890263323 0.990014992147203 0.991162060276871
"150" 0.74209414463966 0.739179773491579 0.656738367066321 0.368724153616597 0.368724153616597 0.0323944778161804 0.0323944778161804 0.534117027221239 0.710818990488778
"151" 0.0745783330311518 0.113643369679438 0.0408447436808298 0 0 0 0 0.0172525920339458 0.113229826388899
"152" 0.00198249814332238 0.00548120691370912 0.000325713452748681 0.000664719329912504 0.000664719329912504 0.000689014765607554 0.000689014765607554 0.000673775650590707 0.00196394603511838
"153" 0.980410610251059 0.980056687898762 0.956392693966111 0.956200411685952 0.956200411685952 0.945843694302422 0.945843694302422 0.981070376426287 0.98208657935326
"154" 0.954162767554918 0.952571295549156 0.934063211221562 0.880458035811878 0.880458035811878 0.74807343157478 0.74807343157478 0.942025470909066 0.957340690191449
"155" 0.273873061059137 0.132185324621078 0.0501137925466543 0.0283215416735968 0.0283215416735968 0.000326241736993707 0.000326241736993707 0.133094615712372 0.240600037528149
"156" 0.00802004840887434 0.00514446518653163 0.00340202429595483 0.00447633045461004 0.00447633045461004 0.000499854692719324 0.000499854692719324 0.00291239144609806 0.0100015148018052
"157" 0.204670921823278 0.290925118060964 0.0812224392444266 0.0282603288285723 0.0282603288285723 0 0 0.0284324372355487 0.157617901326102
"158" 0.754323157254215 0.735488366903679 0.661644929353831 0.352654248119854 0.352654248119854 0.00212268886607617 0.00212268886607617 0.409115074147993 0.733309280533749
"159" 0.0977193278912993 0.0943092830134819 0.0776662004385733 0.064587953994467 0.064587953994467 0.0241220802635878 0.0241220802635878 0.0703321170769587 0.152817973249105
"160" 0.742255702240204 0.741451734001697 0.669286636326345 0.305115511362144 0.305115511362144 0.13897783007536 0.13897783007536 0.49349787934975 0.732741075903722
"161" 0.722369731027292 0.724113469790048 0.621407176516195 0.223613548648209 0.223613548648209 0.0129640169821541 0.0129640169821541 0.478581143459716 0.683611365072396
"162" 0.507094549360667 0.483345054006206 0.405690055549924 0.0759067057308216 0.0759067057308216 0.073845185402803 0.073845185402803 0.101001996921884 0.335930606220166
"163" 0.107809618005514 0.155873632874884 0.00812263155819313 0 0 0.00197234608474542 0.00197234608474542 0.119840871418397 0.0841758396916983
"164" 0.868466422851782 0.872479483380037 0.833361764970393 0.622449843530071 0.622449843530071 0.319671355697969 0.319671355697969 0.783875695821406 0.871934546282472
"165" 0.53222469424522 0.562703477898597 0.405404222727565 0.136150512269693 0.136150512269693 0.116230760549648 0.116230760549648 0.29350181244773 0.519145201931827
"166" 0.0746829059668084 0.0538852108083905 0.00622485828339046 0 0 0 0 0 0.0747838318759326
"167" 0.816046981671752 0.808349863480019 0.753223631550334 0.488578205616522 0.488578205616522 0.318215082783659 0.318215082783659 0.644893345739068 0.787478704002638
"168" 0.223412874624232 0.0355574327602212 0 0.00125311681123264 0.00125311681123264 0.00531090737341348 0.00531090737341348 0.075502432752486 0.278477037574294
"169" 0.483642267681723 0.492176586285645 0.395632432698782 0.282587506261944 0.282587506261944 0.0669204385954977 0.0669204385954977 0.415682984300139 0.512445128286227
"170" 0.611854141990494 0.547668087512954 0.38704960786202 0.0554065786682372 0.0554065786682372 0 0 0.172658008510787 0.563321766491143
"171" 0.806913373596277 0.802354676950513 0.738380952458755 0.540386671906034 0.540386671906034 0.337349148411046 0.337349148411046 0.684748489113694 0.778658952375571
"172" 0.0120353836555056 0.00356789449731688 0 0 0 6.92647016078616e-06 6.92647016078616e-06 0 0.021441565815385
"173" 0.0280781420179707 0.0300186024653551 0.019073694473111 0.0113604154313488 0.0113604154313488 0.000640007139625459 0.000640007139625459 0.0107394856654532 0.0694963327230188
"174" 0.389159354337355 0.387741847341166 0.261201721931803 0 0 0 0 0.0690902851824224 0.353269347342249
"175" 0.469550777341671 0.385318390264129 0.394179326975265 0.0906656316324489 0.0906656316324489 0.0111832221227788 0.0111832221227788 0.0771874032363114 0.360269051490257
"176" 0.0534173894300945 0.0187061610672296 0.0288196742034582 0 0 0 0 0.000512651827482551 0.038748485755691
"177" 0.440297691787875 0.422298728836157 0.260070080384886 0.0454104258092528 0.0454104258092528 0.0283809501569835 0.0283809501569835 0.034942827649618 0.290361867112902
"178" 0.00390119855635701 0.00412661830621524 0.00709725749261539 0.00409949484547988 0.00409949484547988 0 0 0 0
"179" 0.955397370926909 0.955442444837426 0.932321094177742 0.873749479918939 0.873749479918939 0.813855235315609 0.813855235315609 0.947806965189893 0.95922269531453
"180" 0.033141255060984 0.0229218051635268 0.0194667415506383 0.0181280287746525 0.0181280287746525 0.0013000928402145 0.0013000928402145 0.0149034915541705 0.0372407586142009
"181" 0.122017506852464 0.030712445264186 0.000493409297701354 0 0 2.70104847718102e-05 2.70104847718102e-05 0 0.0370740478357845
"182" 0.103774412880531 0 0.000404687436794008 3.37474125634337e-05 3.37474125634337e-05 1.37730756603756e-05 1.37730756603756e-05 0.000546450830477939 0.0550849898424871
"183" 0.841278333848834 0.843177667740475 0.816833739725414 0.595072029514572 0.595072029514572 0.230651025413904 0.230651025413904 0.766202147445911 0.847319151918684
"184" 0.624307353891882 0.612424815763124 0.532700676072993 0.259115923849394 0.259115923849394 0.0359513138023111 0.0359513138023111 0.371506337054736 0.565523793141825
"185" 0.513194623816449 0.538780985896039 0.404620211686455 0.146422483616014 0.146422483616014 0 0 0.169632667776414 0.458107647491151
"186" 0.000234250450513485 0.000233778156635098 0.000290708305205214 0.000129806560496944 0.000129806560496944 0.00805409903011731 0.00805409903011731 0 0
"187" 0.0562128697882967 0.0138127441928959 0 0 0 0 0 0 0.0108046950454524
"188" 0.440546600892269 0.395883862359906 0.381191337960943 0.0972653848293323 0.0972653848293323 0.0137785801518063 0.0137785801518063 0.0285529620064973 0.30172139897324
"189" 0.770133632020102 0.746323175470095 0.624980584133343 0.5960127089425 0.5960127089425 0.189491450829877 0.189491450829877 0.616922113450047 0.786038835575308
"190" 0 0 0 0 0 0 0 2.24323512588221e-06 0
"191" 0.772965641315048 0.764567561523799 0.708616103816572 0.492521546898099 0.492521546898099 0.0900692638180171 0.0900692638180171 0.61443250396128 0.750182537442802
"192" 0.707952582000977 0.600131847051763 0.424804862498648 0.0241933079941753 0.0241933079941753 0 0 0.27100986075372 0.655666885658827
"193" 0.389411686451029 0.349588295800999 0.297948616170189 0.0282132736831355 0.0282132736831355 0.0151835202722209 0.0151835202722209 0.076869522572467 0.249919861693561
"194" 0.375940585371425 0.375440080499289 0.281302423004159 0.0191826757648725 0.0191826757648725 0.0168535157212136 0.0168535157212136 0.0605853988171316 0.260694325538856
"195" 0.856767262405235 0.858274881676465 0.80897342427487 0.621933934001711 0.621933934001711 0.464115221201507 0.464115221201507 0.798187919114104 0.864512583412319
"196" 0.204643447558399 0.210605391533949 0.11620914718634 0.0313677061379452 0.0313677061379452 0 0 0.032584862463593 0.1054921907136
"197" 0.373417532068862 0.342691351718726 0.219667525075619 0.0202257778347389 0.0202257778347389 0 0 0.0830356922065651 0.292109170314018
"198" 0.100837013910962 0.110352598570523 0.0396086899620696 0 0 0 0 0.0405440219572308 0.140940597787446
"199" 0.0557340248931738 0.0202290264361038 0 0 0 1.3740471651282e-06 1.3740471651282e-06 0 0.0816947135477065
"200" 0.620859803599114 0.627125741908152 0.541195759309819 0.196774909943954 0.196774909943954 0.0119949562645804 0.0119949562645804 0.394263927744466 0.585337462257354
"201" 0 0 0 0 0 0.00207705813459659 0.00207705813459659 6.98643687903373e-05 1.53830434628692e-05
"202" 0.317386060066698 0.281658572593926 0.157293478899229 0.0136737372015416 0.0136737372015416 0 0 0.00460519436514153 0.248629237422711
"203" 0.577344093214906 0.529372531781498 0.409004825653381 0.0423498099729351 0.0423498099729351 0.0550209371477688 0.0550209371477688 0.38328668329375 0.542611830239835
"204" 0.779395739963706 0.728152204067516 0.778363710036734 0.28872896291052 0.28872896291052 0.252629402094308 0.252629402094308 0.631944074404492 0.781228222953079
"205" 0.528696495043673 0.480158401433252 0.327910774861397 0.121030499902523 0.121030499902523 0 0 0.389982570698692 0.55019910000559
"206" 0.922288434950639 0.918643163733016 0.91113591502682 0.706047528737509 0.706047528737509 0.666238672329781 0.666238672329781 0.880958657943532 0.925706350387836
"207" 0.697794115936126 0.712503240597714 0.66586772932359 0.250826400350243 0.250826400350243 0.18390853751928 0.18390853751928 0.41411173542027 0.648769439197874
"208" 0.0566704666573358 0.063505774956971 0 0 0 0 0 0.0165275761142376 0.0173667285675464
"209" 0.974202679127818 0.970652132500221 0.940984333062788 0.94530559597644 0.94530559597644 0.956646607517951 0.956646607517951 0.979783460740666 0.977372524169773
"210" 0.750252793171229 0.769894304576814 0.687830750922456 0.588673793761073 0.588673793761073 0.509189670737868 0.509189670737868 0.694939578422743 0.769827753600396
"211" 0.922694732753335 0.915637025103465 0.915055125307554 0.754598839086884 0.754598839086884 0.627540858882985 0.627540858882985 0.883639463154158 0.923436525099912
"212" 0.0575894290285901 0.0297415760950194 0.022274323401803 0 0 0 0 0 0.0628790210528867
"213" 0.138276881403393 0.0744825742934339 0.052435209102657 0.00349617861339342 0.00349617861339342 0 0 0.00313431080176687 0.038575888151118
"214" 0 0 0 0.00013559855169483 0.00013559855169483 0.000339671071242905 0.000339671071242905 0.000330678514091959 0
"215" 0.449374808327737 0.385591732818589 0.384448964805598 0.0741607283958509 0.0741607283958509 0.0257426415674657 0.0257426415674657 0.101159217278093 0.336555444436618
"216" 0 0 0 0 0 1.82653656807112e-06 1.82653656807112e-06 0 0.000280591958830515
"217" 0.870367072434902 0.876691068784271 0.837558262597589 0.60521909947791 0.60521909947791 0.482467827325584 0.482467827325584 0.740734277680727 0.873420788669497
"218" 0.0634239561434018 0.0151874588577122 0.0101336725706163 0 0 0 0 0.00996797020277664 0.0605781876837487
"219" 0.899725493173461 0.889271625296602 0.823868599476308 0.61190583114055 0.61190583114055 0.392643269881194 0.392643269881194 0.77608472551414 0.893645486425822
"220" 0.0680695010245683 0.061875831998142 0 0.0392408915552129 0.0392408915552129 0 0 0.0125381504184937 0.0291428087499665
"221" 0.81423828841992 0.800091953464485 0.757898527198824 0.49085338072985 0.49085338072985 0.226567656871207 0.226567656871207 0.661929234799592 0.803444033386806
"222" 0.0922456233408272 0.0292832130078905 0.0194141323516325 0 0 0 0 0.00383969368245025 0.0494035738296127
"223" 0.166558597375373 0.139252716293713 0.0526346899796902 0 0 0 0 0.028722028751873 0.0895827302465797
"224" 0.0851261323170666 0.0821467746459118 0.0294775038203663 0.00369667705972988 0.00369667705972988 0 0 0.00264088474055152 0.0551206914518777
"225" 0.883120514824023 0.86980350948296 0.84166356839371 0.738029989360876 0.738029989360876 0.689475526503983 0.689475526503983 0.862668428539215 0.874526099752564
"226" 0.381649490509316 0.42311866304006 0.322778594897326 0.110184487390619 0.110184487390619 0.0181576989231341 0.0181576989231341 0.204651930493004 0.496274309202928
"227" 0.615217743326907 0.597333284861741 0.478950233925049 0.135893260745644 0.135893260745644 0.0172101254255518 0.0172101254255518 0.384438804954577 0.575708516201823
"228" 0.0542985334649946 0.013741811966802 0.0341218512748012 0 0 0 0 0 0.00625947981840217
"229" 0.743210740392586 0.72049146432036 0.629866936740288 0.328824141334731 0.328824141334731 0 0 0.482984203885188 0.720175218201881
"230" 0.501414726601497 0.468591466585046 0.405003642315789 0.0701551246257649 0.0701551246257649 0.0449118018442603 0.0449118018442603 0.170538034955989 0.372228113838259
"231" 0.454248616594374 0.494946291896551 0.254991317107366 0.0548578206392683 0.0548578206392683 0.00755390041673427 0.00755390041673427 0.0678567569964572 0.355237483250716
"232" 0.954372367804199 0.953930709860733 0.930738026008 0.888072416193504 0.888072416193504 0.800272264378971 0.800272264378971 0.946259734087109 0.956079418076153
"233" 0.670688588999589 0.664442916593663 0.472400741465878 0.372893700006593 0.372893700006593 0.176389932530828 0.176389932530828 0.636449414535719 0.653697987220212
"234" 0.0098472850188185 0 0.0023162130778324 0 0 0 0 0 0.0308400379939023
"235" 0.226559998632255 0.222349270341734 0.110579300834237 0.0282015794937387 0.0282015794937387 0.00612827847447705 0.00612827847447705 0.0567674176495946 0.149758587840299
"236" 0.644257698771721 0.646255749009533 0.528299467404718 0.266715063877785 0.266715063877785 0.0921193651068529 0.0921193651068529 0.378254870024874 0.606993634696511
"237" 0.935096063146865 0.934355551032541 0.890301630880603 0.895601750030932 0.895601750030932 0.863117688434725 0.863117688434725 0.925409143312382 0.93890581040288
"238" 0.415580494982642 0.283815429544387 0.100074414430469 0.0877854122654339 0.0877854122654339 0.0169653242763162 0.0169653242763162 0.280098213085131 0.478030890776311
"239" 0.47016320481059 0.192986083234519 0.0847649486913198 0 0 0.0327286639692281 0.0327286639692281 0.235683599230683 0.47361657653184
"240" 0.474351524210833 0.294638216271208 0.103058536447441 0.0433434421770106 0.0433434421770106 0.0201888734394298 0.0201888734394298 0.35839243493614 0.496519893812953
"241" 0.894262746919708 0.896208358891946 0.876891828972682 0.730596220532399 0.730596220532399 0.605146169030688 0.605146169030688 0.862553461954443 0.895851017468418
"242" 0.291489222382733 0.284710850395783 0.153577211355819 0 0 0 0 0.0292343374506945 0.216026576509884
"243" 0 0 0 0.000682117416038433 0.000682117416038433 0.00126317234977196 0.00126317234977196 0.000847164705391036 0.0267661713229895
"244" 0.443242629971471 0.421775024278 0.369281052827715 0.0635499381537063 0.0635499381537063 0.0303049304353641 0.0303049304353641 0.0647866228215556 0.296881532844626
"245" 0 0.000623586484811077 0.000152304758908012 0.000134311624280032 0.000134311624280032 0.000296214515868171 0.000296214515868171 0.000352223233217507 0
"246" 0.324579535085507 0.278842928037218 0.18358700164737 0.0380921068801989 0.0380921068801989 0 0 0.0171287282355228 0.232301436704698
"247" 0.0915116651447077 0.0639075948819994 0.0217210534783745 0.000540117859798845 0.000540117859798845 0 0 0 0.0681646402337296
"248" 0.864192386066816 0.856469980936248 0.825286671368521 0.68066210231674 0.68066210231674 0.281314418336965 0.281314418336965 0.757824694029278 0.855141499515197
"249" 0.52148865558112 0.518556508139714 0.324033669656528 0.0757742601824703 0.0757742601824703 0.0174925148574904 0.0174925148574904 0.242664569209761 0.477668286217533
"250" 0.518196005857142 0.480289964796199 0.393652530566602 0.0155217651740671 0.0155217651740671 0 0 0.182563332729486 0.490002105419123
"251" 0.767618478940795 0.773950206527916 0.771260578655188 0.578449613373658 0.578449613373658 0.279202752402928 0.279202752402928 0.572523602929179 0.733536170632506
"252" 0.646301043639378 0.628943221984649 0.498539902231699 0.128405303524278 0.128405303524278 0.0276977282380476 0.0276977282380476 0.299633087554501 0.612233834577995
"253" 0.437325535403023 0.40006063024487 0.392620067551147 0.0537857297471521 0.0537857297471521 0.0378216436957308 0.0378216436957308 0.105955508911437 0.316659916716451
"254" 0.439918033865721 0.34921601652239 0.360222747356703 0.0834351893816067 0.0834351893816067 0 0 0.0428043076464103 0.295934806693133
"255" 0.585695580647696 0.572236025795092 0.274223960607662 0.0778314134832629 0.0778314134832629 0 0 0.162956507761358 0.509421778799311
"256" 0.250659062281014 0.345492186177294 0.141307382997812 0.0201905842370643 0.0201905842370643 0 0 0.00606417949734385 0.228399777423324
"257" 0.803360356334052 0.80128039247989 0.725136973935107 0.409882698473573 0.409882698473573 0.143863559429432 0.143863559429432 0.590295420210675 0.75795346567475
"258" 0.00570786025008034 0.00875809168679486 0 0 0 1.37594859265665e-05 1.37594859265665e-05 0 0.0303513431749075
"259" 0.568104462221015 0.521959703092624 0.203988523919916 0.0705282220979138 0.0705282220979138 0.00029513872989562 0.00029513872989562 0.157773035117913 0.54496720773063
"260" 0.810583172642464 0.801390792278328 0.691547428742523 0.622058951890021 0.622058951890021 0.447114340467194 0.447114340467194 0.758296121113362 0.804658389421053
"261" 0.291525868147165 0.333128665068417 0.0888014053345682 0.0301469202419601 0.0301469202419601 6.46080039305307e-05 6.46080039305307e-05 0.010776350923258 0.203278458193902
"262" 0.0573399272491451 0.0365104563793723 0.00191638558300763 0 0 0 0 0 0.0383062315954406
"263" 0.523332432392203 0.518853162275245 0.420159644593877 0.0464620791503418 0.0464620791503418 0.00130945463720033 0.00130945463720033 0.230384102210657 0.489900688985086
"264" 0.965095155761741 0.963475060608017 0.947787381734423 0.90184694272269 0.90184694272269 0.839406709721531 0.839406709721531 0.961815056605364 0.967675377744675
"265" 0.154307987232335 0.178032559567153 0.0442759839827581 0.00991075756282413 0.00991075756282413 0.00464603996489119 0.00464603996489119 0.0162653532672277 0.101483824818298
"266" 0 0 0 0 0 0 0 0 0
"267" 0.695877035911906 0.692565934333033 0.611366646560307 0.289785589018346 0.289785589018346 0.172144812695193 0.172144812695193 0.446958724447837 0.61724311926106
"268" 0.594629187971123 0.569782792159624 0.479001865962211 0.11275404047227 0.11275404047227 0.0289399900037736 0.0289399900037736 0.318348743646759 0.573672379431259
"269" 0.937782762354373 0.938257472955996 0.917259508675011 0.852496632338318 0.852496632338318 0.836117579735367 0.836117579735367 0.935862505916234 0.940981764723809
"270" 0.0693786965704467 0.0351087694351852 0.0136777564316779 0 0 0 0 0.00103204496193501 0.0815467651683247
"271" 0.358017672683187 0.359298684833039 0.325542087188183 0.0224022917162962 0.0224022917162962 0.0218869273893543 0.0218869273893543 0.071288115242457 0.216536851324998
"272" 0.838991282345485 0.828096173050923 0.771858086465361 0.491701843950737 0.491701843950737 0.257113485635116 0.257113485635116 0.690312980283846 0.804623952626907
"273" 0.65594959089672 0.569270904926966 0.439966064413367 0.00954854922714993 0.00954854922714993 0 0 0.247357403255093 0.588472960322193
"274" 0.0188470728319508 0.00445344892148857 0.00933292816677856 0.000113203668419077 0.000113203668419077 0 0 0 0.00685295576341443
"275" 0 0.00240102813662552 0 0.000106119315356428 0.000106119315356428 0.000120106467955396 0.000120106467955396 0.000136921138294321 0
"276" 0.173425359209897 0.172976795594713 0.101953367868804 0 0 0.00124325345332942 0.00124325345332942 0.0203823797655386 0.097378389025741
"277" 0.470156523706651 0.486997204578295 0.284742249851617 0.0404855075713756 0.0404855075713756 0.0190931665358242 0.0190931665358242 0.210410172228017 0.42633723767769
"278" 0.353492669950373 0.350195880116702 0.263777624014736 0.0110505893708999 0.0110505893708999 0.0103640709656211 0.0103640709656211 0.0370335069228154 0.209855386303695
"279" 0.395141052686784 0.357004793154763 0.276690928755946 0.0547128055344093 0.0547128055344093 0 0 0.0112322603564977 0.354342574570491
"280" 0.959748176317945 0.958622138897543 0.944721529033187 0.872566950797728 0.872566950797728 0.821691247166185 0.821691247166185 0.951376478236657 0.962693125288568
"281" 0.647456786598345 0.665416007299925 0.51907393835073 0.262655770627343 0.262655770627343 0.0793069495896955 0.0793069495896955 0.396178970641636 0.609505774123156
"282" 0.730498577879892 0.722084450469409 0.70365826831379 0.350301136679853 0.350301136679853 0.0832333245844079 0.0832333245844079 0.492287747016079 0.730425717525573
"283" 0.744405081443547 0.728949533410565 0.672876615930971 0.279605102038276 0.279605102038276 0.0907885178075979 0.0907885178075979 0.563852509089076 0.715227392513199
"284" 0.595202840941399 0.571977504926719 0.474619656078831 0.0845964823020587 0.0845964823020587 0 0 0.282143620829669 0.576129983674402
"285" 0.798187407905334 0.785207288827534 0.743475373218376 0.469599189696225 0.469599189696225 0.112005392111419 0.112005392111419 0.665188089882148 0.775745147103323
"286" 0.986052296305735 0.987027572408172 0.947500596554527 0.984091657244871 0.984091657244871 0.979293528102008 0.979293528102008 0.989064272650297 0.989297404504225
"287" 0 0 0.00217000086663183 0 0 0 0 0 0.0615992841151068
"288" 0 0 0 0 0 0 0 0 0
"289" 0.459488700829469 0.37788583665771 0.233010722016796 0.00948241273627397 0.00948241273627397 0.0384145806051591 0.0384145806051591 0.256401007962628 0.483783617193148
"290" 0.703221207848704 0.713085104631118 0.59316255246664 0.370802367550005 0.370802367550005 0.266158616928945 0.266158616928945 0.510591127009089 0.664227326528383
"291" 0.902913229941571 0.900536501720118 0.860349013523334 0.703719800327166 0.703719800327166 0.566308866029111 0.566308866029111 0.847697680765702 0.904776159698004
"292" 0.00539285212758192 0 0 0 0 0 0 0 0.0513356946722033
"293" 0.807625075688538 0.796818804623774 0.784058659484337 0.555294742103327 0.555294742103327 0.345470902825396 0.345470902825396 0.584053152878371 0.753082872222157
"294" 0.400182083392655 0.38924580280049 0.22312111113186 0.0188787149228984 0.0188787149228984 0 0 0.0729791528209079 0.327536028929062
"295" 0.152541200199371 0.137745768181091 0.022365497161618 0.000823691882684814 0.000823691882684814 1.04709232291371e-05 1.04709232291371e-05 0.0226240957649334 0.053788695444352
"296" 0.0209902177974587 0.0238170359754111 0 0.00187219421371865 0.00187219421371865 6.3680471627671e-06 6.3680471627671e-06 0.00448198171582983 0.0247925818744363
"297" 0 0 0 0 0 0 0 0 0.0116737622015633
"298" 0.382321745790625 0.384501108519146 0.250435816900277 0.0258422580450261 0.0258422580450261 0.0354322567205906 0.0354322567205906 0.0384755586537884 0.249001321847404
"299" 0 0 0 0 0 0 0 0 0
"300" 0.930085700953644 0.923433671776213 0.903714149331048 0.736259945877807 0.736259945877807 0.743848925820305 0.743848925820305 0.889937981297299 0.921920265397874
"301" 0.106218113849563 0.0900217814961296 0.0409977970524214 0 0 0 0 0 0.0541400982950869
"302" 0.112031313289011 0.116766638122532 0.0898810904015323 0.074268537893698 0.074268537893698 0 0 0.0736628139266104 0.172454096303394
"303" 0.929362022177368 0.930349272220928 0.876830474384421 0.882357445328061 0.882357445328061 0.869191371089652 0.869191371089652 0.920185937477931 0.932178190316116
"304" 0.860259343442678 0.832857310805202 0.767349739800246 0.471972054927891 0.471972054927891 0.197867124483319 0.197867124483319 0.637936148121058 0.842490975704928
"305" 0.384352841555644 0.339162220006723 0.233286492711863 0.0301815011053133 0.0301815011053133 0 0 0.0804737893344342 0.301759420694215
"306" 0.0336389011920259 0 0 0 0 0 0 0.00535817207561616 0.0167642406550848
"307" 0.0834394743694754 0.118444460685698 0.0613365046361152 0 0 0 0 0.00361059996364365 0.0495569654984968
"308" 0.826201286824771 0.831599732055134 0.849533085666033 0.540850378898295 0.540850378898295 0.33531138396191 0.33531138396191 0.709532629992236 0.836086175864448
"309" 0.0622917628007928 0.0683047526940401 0.0620161269932453 0.0394385335483362 0.0394385335483362 0.00784929443715149 0.00784929443715149 0.0481800745203654 0.128823612302851
"310" 0.277570521664918 0.282903335654398 0.16670305722024 0.00418256065715633 0.00418256065715633 0.0135293375318886 0.0135293375318886 0.156623608600633 0.307267890297671
"311" 0.510102793342656 0.511704214428754 0.380424713292625 0.0506759565396558 0.0506759565396558 0 0 0.199585083932371 0.456827753386894
"312" 0.456283582977393 0.481557996090728 0.344932243075677 0.194252275446801 0.194252275446801 0.0949723357314213 0.0949723357314213 0.274283534218179 0.461032488052145
"313" 0.570296613604761 0.541739763365948 0.542634093760719 0.112844087712004 0.112844087712004 0.0615708236187024 0.0615708236187024 0.146169057334641 0.455036004709449
"314" 0.178435400019992 0.23496179517399 0.0996168599428608 0.00524647538953741 0.00524647538953741 0.00486557775559498 0.00486557775559498 0.0166839327576209 0.212217594110937
"315" 0.415164492774876 0.218098098992259 0.0750508972272237 0 0 0.00723457492460824 0.00723457492460824 0.121107064234918 0.362878013104365
"316" 0.845529970067571 0.83144609538588 0.81538830791135 0.65437693790852 0.65437693790852 0.455136068425929 0.455136068425929 0.739749996036022 0.827179362805481
"317" 0 0 0 0.00036800174007192 0.00036800174007192 3.30137959491078e-05 3.30137959491078e-05 1.17384868706779e-05 0
"318" 0.701986769253963 0.629726981645948 0.461712509844504 0.0229533505400623 0.0229533505400623 0.00377416265278224 0.00377416265278224 0.325641117372166 0.655542407676436
"319" 0.852471928991246 0.843829838571914 0.776795977544925 0.643682335681626 0.643682335681626 0.473825959265259 0.473825959265259 0.7842652990187 0.855588308979525
"320" 0.00259883193433118 0.0270934214847833 0.000421226318850728 0 0 0 0 0 0.00258142686742947
"321" 2.63655733416276e-06 5.12569443378284e-05 0 0 0 6.76368745984173e-05 6.76368745984173e-05 6.52266861224843e-05 4.92898642512894e-05
"322" 0.795584809472737 0.801189740281616 0.80974571793502 0.471941639461934 0.471941639461934 0.279405167140685 0.279405167140685 0.645117827140929 0.802398339219668
"323" 0.325501775852834 0.311445980729398 0.184204226877417 0 0 2.95658205249886e-05 2.95658205249886e-05 0.0492697305534279 0.260283157595485
"324" 0.431652987499776 0.455598285634935 0.197461457792847 0.0324015161050851 0.0324015161050851 0.00102903349170367 0.00102903349170367 0.0363868029619956 0.287609347159642
"325" 0.00470158143419498 0.00286764808357573 0.00378805422166015 0 0 0 0 0 0.00196424758028298
"326" 0.0804411724036651 0.101508839912449 0.0659617994198067 0 0 0 0 0.0160163991743789 0.0441866550188602
"327" 0.621837825370256 0.630375505258038 0.532332511297778 0.285495871325898 0.285495871325898 0.03576766374961 0.03576766374961 0.370931567360304 0.588448048600426
"328" 0.000321975240939962 0 0 0.00153874432566582 0.00153874432566582 0.00209748768261233 0.00209748768261233 0.00120962420659799 0.000345267881933407
"329" 0.232157471351126 0.246981882052812 0.190566615112123 0.183442883290689 0.183442883290689 0.0552977273388031 0.0552977273388031 0.179074331504239 0.271306720953372
"330" 0.0881819477632565 0.0325153647939234 0.00177013518026915 0.00476180225255444 0.00476180225255444 0.00490518900777389 0.00490518900777389 0.00462078641047109 0.0404384474740515
"331" 0.0001614870607664 7.98493560673335e-05 0 0.000204441570579917 0.000204441570579917 0.000223652502330446 0.000223652502330446 0.000203282714711785 0.0233295559340453
"332" 0.615007692073312 0.633280805883825 0.472658249303213 0.280370030132184 0.280370030132184 0.0808113105670823 0.0808113105670823 0.336192984348349 0.573859259490278
"333" 0.740838131781883 0.664515286914157 0.62436944207281 0.18111023182261 0.18111023182261 0 0 0.31713764646067 0.703627954494985
"334" 0.670072421290291 0.617958183014415 0.610918464760724 0.17910875284602 0.17910875284602 0.129346109939848 0.129346109939848 0.189358866762857 0.534476698606973
"335" 0.000140160529928374 0.000142427882649312 0.000171977490084871 7.96700262043434e-05 7.96700262043434e-05 0.0170580084506765 0.0170580084506765 0 8.27342418605853e-06
"336" 0.860363763468258 0.87080077332883 0.839676093045688 0.581194592015983 0.581194592015983 0.386829206386706 0.386829206386706 0.801189199968476 0.863712854604707
"337" 0.272703870393779 0.31370624514551 0.104003876485678 0.0420154919184755 0.0420154919184755 0.0134629026404639 0.0134629026404639 0.0468956286394865 0.164815333097046
"338" 0.623335377821802 0.578841805044671 0.441210544040235 0.0105732975914999 0.0105732975914999 0 0 0.269495307256504 0.585066263352378
"339" 0.78840081176709 0.788795586967033 0.72248440867696 0.40278144674502 0.40278144674502 0.161499057075309 0.161499057075309 0.520231994172887 0.783361436429504
"340" 0.806143925739106 0.799102644279838 0.749317354183629 0.493635812719443 0.493635812719443 0.1734860667702 0.1734860667702 0.589904831363496 0.797693465172527
"341" 0.147716081979748 0.115395931827721 0.0837202453517934 0 0 0 0 0.0131092428880085 0.0666555722284842
"342" 0 3.01114279759286e-05 0 0 0 5.83708380487493e-05 5.83708380487493e-05 5.26903224204686e-05 3.61123872213203e-05
"343" 0.224624110929319 0.172168295039801 0.0464918807918429 0.00627733433049123 0.00627733433049123 0 0 0.00287285960387848 0.172181908139199
"344" 0.662015819938195 0.656208731841553 0.593859022807709 0.24891430660637 0.24891430660637 0.12903796260236 0.12903796260236 0.435304569764993 0.678956825105171
"345" 0.915706951341331 0.916706989349012 0.896045671111135 0.819316274273351 0.819316274273351 0.798317560575068 0.798317560575068 0.903456739486309 0.917551552344758
"346" 0.00503520403690411 0.0107470974297655 0.0153415345517741 0 0 0 0 0 0.0227768800680066
"347" 0.489643589554408 0.434973361586525 0.288110180412486 0.0876268280010036 0.0876268280010036 0.0440289950698828 0.0440289950698828 0.0556176807742359 0.316003907536634
"348" 0 0 0.000575730532801848 0 0 4.40680543422946e-06 4.40680543422946e-06 0 0
"349" 0.958791589208943 0.958202909753115 0.939015069555833 0.908369817717537 0.908369817717537 0.89231581726355 0.89231581726355 0.956882710264045 0.962106300942868
"350" 0.822561027524429 0.825100963264319 0.805994771515683 0.622451015415488 0.622451015415488 0.395100908068144 0.395100908068144 0.625223103699196 0.790650341826556
"351" 0.362059862161204 0.419009395307651 0.250103772978156 0.0525654862140418 0.0525654862140418 0.0207046643653949 0.0207046643653949 0.0830439308048951 0.315164882241175
"352" 0 0 0 0 0 0 0 0 0
"353" 0.0827252431344888 0.0692228160664505 0.0441710439390884 0 0 0 0 0.00484911251406674 0.0442999291156896
"354" 0.838623951364041 0.829948701986903 0.764362981075662 0.485394048659278 0.485394048659278 0.286120288717229 0.286120288717229 0.617132496458868 0.83544513334232
"355" 0.761223454445188 0.7537574047706 0.689265465575378 0.595101962569736 0.595101962569736 0.532763516247503 0.532763516247503 0.736104780650007 0.765415195960524
"356" 0.849796939861962 0.865588073161935 0.821762117630757 0.519476331519473 0.519476331519473 0.35893666024929 0.35893666024929 0.785587356906386 0.856773844208287
"357" 0.826511837385373 0.820930883757276 0.801450344524616 0.508529658914439 0.508529658914439 0.191516985802172 0.191516985802172 0.583751576743723 0.79431471040766
"358" 0.000196684374033124 0 0 6.58556206271124e-05 6.58556206271124e-05 0 0 0 0.00285454731213283
"359" 0.76626488011272 0.743259055482417 0.664991366129377 0.404944466791233 0.404944466791233 0.0532835151229519 0.0532835151229519 0.550376935188834 0.708803262364543
"360" 0.231102788219837 0.311410881649648 0.0860089174353589 0.0261246800746759 0.0261246800746759 3.40352191342957e-05 3.40352191342957e-05 0 0.196721300395145
"361" 0.465810627926806 0.355172327278472 0.244359573134745 0.120308383115813 0.120308383115813 0.131990008967998 0.131990008967998 0.284624555663748 0.460547801292008
"362" 0.42738781847797 0.233858149177349 0.143828605568334 0.0415166767147725 0.0415166767147725 0 0 0.225335805381373 0.347859853567188
"363" 0.791979877656865 0.782297046872135 0.792211839682823 0.519433312719695 0.519433312719695 0.2194205067691 0.2194205067691 0.533789598919687 0.752929180302705
"364" 5.112994997645e-05 0.00186106361964044 0.0318635812467007 0 0 0 0 0 0.00106838198376414
"365" 0.0384287597618621 0.00540133306046619 0 0 0 0 0 0 0.0287676921900748
"366" 0.0247314677266021 0.0125392514702398 0 0 0 0 0 0 0.0214392835737254
"367" 0 0 0 0.000855915601775204 0.000855915601775204 0.00107653551134699 0.00107653551134699 0.000729893191155141 0.00133966711814635
"368" 0.0579077248998946 0.0266411695019584 0.0147442386602776 0.000137021336889384 0.000137021336889384 2.20392172685168e-05 2.20392172685168e-05 0 0.0513544420084625
"369" 0.31331652047254 0.3681432581096 0.378936500366803 0.329871279180827 0.329871279180827 0.023803285538336 0.023803285538336 0.262098815031863 0.438694333652461
"370" 0.0886196711041731 0.0727859238894613 0.0383218228852619 0.00392836184399336 0.00392836184399336 0 0 0.046003063412206 0.127076551869859
"371" 0 0 2.68791005270115e-05 0.000261341209171977 0.000261341209171977 0.000468543149421278 0.000468543149421278 0.000281770615556324 5.47333675102515e-05
"372" 0.133913864395369 0.164992766759733 0.037992499208507 0 0 0 0 0 0.0864707212964104
"373" 0.174215608981752 0.236327212889449 0.0645256218192507 0.0153046044475994 0.0153046044475994 0 0 0.00381680395608584 0.135131235605332
"374" 0 8.44083374274691e-05 0 1.61639898714474e-05 1.61639898714474e-05 2.85325035081886e-05 2.85325035081886e-05 3.29710950717786e-05 0
"375" 0.0487292584592226 0.0401454766311741 0 0 0 0 0 0 0.0638641468666826
"376" 0.000296177583579427 0.000242946975707944 2.69954912149603e-05 4.05220441004487e-05 4.05220441004487e-05 0.000153353368627774 0.000153353368627774 0.000212917552555975 0
"377" 0 0 0 0 0 5.42560532234799e-05 5.42560532234799e-05 0 0
"378" 0 0 0 0.00030869678034103 0.00030869678034103 0.000397101576087741 0.000397101576087741 0.00029129577580184 0
"379" 0.00015085788275114 0 0 0.000107315722447082 0.000107315722447082 0.000120608299052295 0.000120608299052295 7.70976113162621e-05 0
"380" 0 0 0 0 0 0 0 0 0
"381" 0.111051558256608 0.159335336632388 0.0458822522340277 0.0010686630735052 0.0010686630735052 0 0 0 0.0863879649203627
"382" 0.0519028182401531 0.0390746809026068 0.0289366105333362 3.8810407035615e-05 3.8810407035615e-05 0.000899329467448645 0.000899329467448645 0.0212062047827274 0.0851926400214865
"383" 0.185497899969929 0.270101860497417 0.0787358949042283 0.0107014056892185 0.0107014056892185 0 0 0.00123475553390549 0.18368373399541
"384" 0 0 0 0 0 0 0 0 0
"385" 0 0 0 0 0 8.21976612064154e-05 8.21976612064154e-05 0 0
"386" 0.849084205567076 0.816863065408676 0.687874724813099 0.365622391809006 0.365622391809006 0.178694373524118 0.178694373524118 0.528268031347341 0.805281866007825
"387" 0.883507872712061 0.876603600375448 0.794674157462484 0.624238106159009 0.624238106159009 0.480150835521397 0.480150835521397 0.764794866504456 0.877110300304387
"388" 0.263045147480075 0.29913017924703 0.127682961062184 0 0 0 0 0.0528869894123431 0.27082517728518
"389" 0.0439029305518111 0 0.0180854472007846 0 0 0 0 0.0120386968932338 0.0533808365524712
"390" 0.823852376692176 0.792728801490556 0.703216299645091 0.368537707080297 0.368537707080297 0.172147168830162 0.172147168830162 0.563489495090744 0.804696895209451
"391" 0 0 0 0 0 0.000112805643726649 0.000112805643726649 0 0.00530311223137196
"392" 0 0 0 0 0 4.36043294355094e-05 4.36043294355094e-05 8.56416114488347e-05 3.05897653504322e-05
"393" 0.706913493914039 0.697356316741977 0.629089301118257 0.239082350610327 0.239082350610327 0 0 0.372834284610441 0.689993849821322
"394" 0.148827981487363 0.0891303454799991 0.0178957586703153 4.55178963468697e-05 4.55178963468697e-05 8.93318652197508e-06 8.93318652197508e-06 0.0366870232867083 0.07518916739385
"395" 0 0 0 0 0 1.15600824643514e-05 1.15600824643514e-05 2.23218778267069e-05 2.3357970121183e-06
"396" 0.841948227431569 0.838877675613761 0.794209193559052 0.542963519632975 0.542963519632975 0.256975597882905 0.256975597882905 0.619749814708921 0.840210679313056
"397" 0.630960134218103 0.627854107360111 0.514970896354805 0.210862314839655 0.210862314839655 0.0155756500064213 0.0155756500064213 0.346633816540491 0.58892095849338
"398" 0.677226806829992 0.677760328210166 0.576451784321868 0.25311398083617 0.25311398083617 0.0797788298957889 0.0797788298957889 0.404929736941818 0.676033541194889
"399" 0.343518737476182 0.327717412923868 0.210441342444359 0 0 0 0 0.0859929022585168 0.289723047343628
"400" 0.526470888498813 0.485871829732835 0.459133220281182 0.0925829330623504 0.0925829330623504 0.0405383165289187 0.0405383165289187 0.145227489964495 0.444133102904371
"401" 0.000142095892283692 0 0.00281644322837739 0.000258998483944559 0.000258998483944559 0.000273877827982003 0.000273877827982003 0.000263031418720706 4.9363660930148e-05
"402" 0.245238593098044 0.242943994683884 0.131359889629211 0 0 0 0 0.0499192770472137 0.19097446707031
"403" 0 0 0 0.000323231088325538 0.000323231088325538 0.000709008562116371 0.000709008562116371 0.000343122461009522 0
"404" 0.0566960403161038 0.06068444156478 0.0422324533306474 0 0 0 0 0 0.0151114568079093
"405" 0.000339875095965801 0.000304758436408495 0.000482304187278318 0.000169768582011682 0.000169768582011682 0 0 0 0
"406" 0.0672387208004501 0.0264794521681466 0.00570539785808958 0.000116647642083232 0.000116647642083232 0 0 0.000109770344263544 0.0791301159997993
"407" 0.0766900416938792 0.0154305540403784 0.00291801149766986 0.00106041499071269 0.00106041499071269 0.000379822603361865 0.000379822603361865 0.014939084996541 0.0920362344580246
"408" 0.171706882209261 0.163896434565029 0.0231633182811527 0.000246072516613781 0.000246072516613781 0 0 0.00629436302447492 0.0876979046964384
"409" 0.296788690148639 0.367957951933222 0.123338158482501 0.0405545495538832 0.0405545495538832 0.0336884636534245 0.0336884636534245 0.0220946787571181 0.183690232463887
"410" 0.11863002594727 0.177845323013107 0.1416231869341 0.173049285565586 0.173049285565586 0.000477255234511795 0.000477255234511795 0.132483491254456 0.238504451502072
"411" 0.615398495996132 0.590686457198467 0.517856539966437 0.0992262756419184 0.0992262756419184 0.0214279799782922 0.0214279799782922 0.281284999597535 0.621876913632829
"412" 0 0 0 0 0 5.82669726024173e-05 5.82669726024173e-05 1.38536931631024e-06 0
"413" 0.754539947414103 0.752882702521985 0.642205865704704 0.480337248929042 0.480337248929042 0.380739231893964 0.380739231893964 0.689057762644007 0.762909446364184
"414" 0.881840855253176 0.87915182385166 0.850298250209627 0.740030116890851 0.740030116890851 0.634879091998753 0.634879091998753 0.859843120054055 0.887587224874004
"415" 0.656323883921955 0.662968834609206 0.521066765728632 0.315702126011217 0.315702126011217 0.0987883540954917 0.0987883540954917 0.395116829609519 0.613488007311236
"416" 0.594194313618375 0.59218747569051 0.398143824265302 0.183355909054045 0.183355909054045 0.043796991512975 0.043796991512975 0.315250000535794 0.552642020973239
"417" 0.920450052126557 0.919240936024854 0.903193237220728 0.805788447485844 0.805788447485844 0.556756210913611 0.556756210913611 0.869941376288763 0.919723092424043
"418" 0.42637876068898 0.383907501512852 0.1878905854087 0.046098977076476 0.046098977076476 0 0 0.0456109705099739 0.394834963976703
"419" 0.364670051588572 0.38918766927584 0.145245455313898 0.0347556018485863 0.0347556018485863 0.00968152322571725 0.00968152322571725 0.0247701975305811 0.238960250109579
"420" 0 0 0.000437300807699926 0 0 5.73512469662853e-06 5.73512469662853e-06 1.15215506163426e-05 0
"421" 0.141727885528675 0.0351692384948053 0 0 0 0 0 0.000683464843948786 0.0273104743249533
"422" 0.0036024302703836 0.00797762290904059 0 0 0 1.80329191755215e-05 1.80329191755215e-05 0 0.0219515698323658
"423" 0.497622495980139 0.49112766785308 0.461697492853492 0.0868130194310404 0.0868130194310404 0.0790397231413396 0.0790397231413396 0.128674186517722 0.395588933258195
"424" 0 0 0 0 0 0 0 0 0
"425" 0.16064291212653 0.169952777542716 0.127993830888694 0.116372333136721 0.116372333136721 0.0100239258510986 0.0100239258510986 0.106073188011969 0.197235427672957
"426" 0.355371169762168 0.170279788485123 0.0770108846781939 0.00678050808853192 0.00678050808853192 0.00277556857571651 0.00277556857571651 0.169769038245333 0.251176588729498
"427" 0.626553795860183 0.589269486230775 0.573368467306668 0.221621674384371 0.221621674384371 0.105594965475685 0.105594965475685 0.131295980205219 0.492297871187816
"428" 0 0.00222164381522289 0.00108670181920985 0.00437545383335622 0.00437545383335622 0 0 0.00331536737663247 0.0216918546198739
"429" 0 0 0 0 0 0 0 0 0.00982654927914354
"430" 0.750073088900835 0.734457197875461 0.663091620635411 0.348518153223389 0.348518153223389 0.0933318421405705 0.0933318421405705 0.557827487910914 0.697034652968604
"431" 0.891769898094099 0.886490314135764 0.833047508867995 0.75645169884186 0.75645169884186 0.709972568312714 0.709972568312714 0.870873357883568 0.899009676627289
"432" 0.464684565290412 0.447718689604212 0.423449425246951 0.101563245237869 0.101563245237869 0.0632275799896221 0.0632275799896221 0.0736460268940041 0.359577097059632
"433" 0.769435269019918 0.752750958133153 0.69237980528506 0.413812021344801 0.413812021344801 0.00988131330009075 0.00988131330009075 0.510109268700874 0.759018276465106
"434" 0.693376173300391 0.672887337008475 0.697375863590388 0.395064633460032 0.395064633460032 0.229636103877994 0.229636103877994 0.412959821013443 0.606555376347151
"435" 0.899198384449506 0.888621920393299 0.893104220957497 0.810328677995055 0.810328677995055 0.760235674472831 0.760235674472831 0.88227497495593 0.894252864654635
"436" 0.869703551388504 0.874323816961222 0.849968562428942 0.76672461062597 0.76672461062597 0.719026846911623 0.719026846911623 0.857766370388094 0.873478054772319
"437" 0.927700942840912 0.927167785473362 0.894988906716916 0.786595969914453 0.786595969914453 0.687347081653897 0.687347081653897 0.906121658501185 0.93127208640677
"438" 0.0991480614565669 0.0610615098077412 0.0108222984801472 0 0 0 0 0 0.0938116628908567
"439" 0.784279726725041 0.761568917643379 0.699164575061214 0.390982720150234 0.390982720150234 0.105779122786517 0.105779122786517 0.486039730031769 0.768460712524461
"440" 0.117840822744149 0.177954525789969 0.059739702411697 0 0 0 0 0 0.0927188132443541
"441" 0 0 0 0 0 0.000173762911061911 0.000173762911061911 0 0.00286740622932072
"442" 0 0.00321448728909754 5.45774911245441e-05 0.00219448280479313 0.00219448280479313 5.05013707477277e-05 5.05013707477277e-05 0 0
"443" 0.242952330995745 0.189423481009554 0.107670544504581 0.136401455249833 0.136401455249833 0.00318456057130111 0.00318456057130111 0.151558029053297 0.238715439707801
"444" 0.397370644608149 0.427541093787765 0.268020092139211 0.121571870893768 0.121571870893768 0.0754446118220224 0.0754446118220224 0.182390914700629 0.389311577864761
"445" 0.801607707437415 0.794742553453583 0.735312568048454 0.447358185173517 0.447358185173517 0.204809128907195 0.204809128907195 0.601417330194637 0.765766321361233
"446" 0.491132750511754 0.326720839364792 0.155288401533969 0 0 0.0309599511899593 0.0309599511899593 0.301132133149389 0.52425041154646
"447" 0.757011988411583 0.740401874212651 0.692869597541771 0.273974527912626 0.273974527912626 0.0827245792848987 0.0827245792848987 0.516462398646586 0.747999778381932
"448" 0.809449047642107 0.81612314313336 0.795455784809862 0.398801446498063 0.398801446498063 0.201805725214991 0.201805725214991 0.667418332951329 0.822530385218489
"449" 4.58806221387271e-05 9.58861009331009e-05 0 0 0 0.0003772086079722 0.0003772086079722 9.51390603861952e-05 6.43364892628559e-05
"450" 0.859841879630795 0.863287999110458 0.865871321353178 0.603231632565909 0.603231632565909 0.498639512357669 0.498639512357669 0.802437826006594 0.86362652236744
"451" 0.92055607901883 0.92418774834261 0.885108843313459 0.891979489944178 0.891979489944178 0.86086622658642 0.86086622658642 0.921376458625479 0.924878260160707
"452" 0.00715641682442086 0.00783558616912265 0.00910585687919109 0.00836657686025811 0.00836657686025811 0 0 0.00496140582759509 0.0116037965155975
"453" 0 0 0.00250725091571106 0 0 0 0 0 0
"454" 0.00438223016682691 0.00282276457115282 0 0.00108598474939753 0.00108598474939753 0 0 0.000618945005117212 0.000729690969848602
"455" 0.0302436939376147 0.00250238619875257 0 0 0 2.08194282315199e-05 2.08194282315199e-05 2.58873605024541e-05 0.00366886369910467
"456" 0 0 0 0 0 0 0 0 0
"457" 0.705682754614213 0.676951557688569 0.620016045526988 0.253683124594518 0.253683124594518 0.0493176307139703 0.0493176307139703 0.452593393599642 0.686261642347449
"458" 0.177969349037843 0.22269113626724 0.0322027239672154 0.0252243850129885 0.0252243850129885 0.000832901583346948 0.000832901583346948 0.018465017525812 0.0987825592763728
"459" 0.0184618559865864 0.016951216607676 0.0174297866800781 0.017737143095074 0.017737143095074 7.31792474702973e-05 7.31792474702973e-05 0.0118619344514818 0.0259551930856094
"460" 0.3536607407725 0.336003422232527 0.212021835529127 0.0237738501738009 0.0237738501738009 0 0 0.0231119686228716 0.282156367388714
"461" 0.0537123539247421 0.0178677073042605 0.0116822160050326 0 0 0.000271357877044167 0.000271357877044167 0.0267295969599286 0.0717060008077289
"462" 0.504938793832439 0.470253481621311 0.332177596789485 0.172721603606647 0.172721603606647 0.012518434139514 0.012518434139514 0.408460585313305 0.54104250035918
"463" 0 0 0 0 0 0 0 0 0
"464" 0.462969609733979 0.450836963195453 0.30228406467888 0.0277044425759464 0.0277044425759464 0 0 0.0501227775014825 0.383021987163557
"465" 0.949475629034361 0.947844074550224 0.916724237328932 0.908336684181909 0.908336684181909 0.880151924883419 0.880151924883419 0.945481462311989 0.950518816589362
"466" 0.00991702622530548 0.0265773229330448 0 0 0 0 0 0 0.005516826085186
"467" 0 0 0 0 0 9.24849751056024e-05 9.24849751056024e-05 0 0
"468" 0.148535190182473 0.0455384975127905 0 0.00361322942525861 0.00361322942525861 0 0 0.0616644810504829 0.162452443119473
"469" 0.494446213071394 0.4547947114977 0.306338442467003 0.158648791892668 0.158648791892668 0.0081259224015015 0.0081259224015015 0.392385441308517 0.535498709643647
"470" 0.0074906680835684 0 0 0 0 0 0 0.00115938833491642 0.002311306757479
"471" 0.736603659049176 0.730113874844393 0.614964816137228 0.520004204329606 0.520004204329606 0.307847071057702 0.307847071057702 0.704621122155834 0.753846577365138
"472" 0.0285170650106391 0.00309335048218954 0.00474186967723294 0.00196510905164401 0.00196510905164401 5.64064670865705e-05 5.64064670865705e-05 0.00234770087387607 0.0506454793585935
"473" 0.771964855449176 0.718284434666921 0.648174773958036 0.263067520569412 0.263067520569412 0.0240378615911934 0.0240378615911934 0.47329341450129 0.744900816942178
"474" 0.0245676465758157 0.0307815852866159 0.0342548531817563 0.0300333400295856 0.0300333400295856 0.00101072815476283 0.00101072815476283 0.0190833806035529 0.0406575380454888
"475" 0 0 0 0 0 0 0 0 0
"476" 0 0 0 0 0 0.000241484051868611 0.000241484051868611 0.000245338158194844 0
"477" 0.548000363520432 0.515408705245547 0.438106054644362 0.006851008840732 0.006851008840732 0.00614783422988366 0.00614783422988366 0.191915547317034 0.543093138477377
"478" 0.165388929359742 0.165902226790954 0.053921453164148 0.00298552043402866 0.00298552043402866 0 0 0.100083516410362 0.0889502721416748
"479" 0 0 0 0 0 0.000102908415522888 0.000102908415522888 1.45220836396104e-05 0
"480" 0.0615878853614128 0.0324295204791221 0 0 0 0 0 0 0.0141487512653365
"481" 0.011094208780417 0.00690532710195897 0 0.00140851589165434 0.00140851589165434 0.00155155333570558 0.00155155333570558 0.00137681656160229 0.000686896475560025
"482" 0.465197148945892 0.452256439787778 0.288422298615191 0 0 0 0 0.139004207262667 0.392487641157566
"483" 0.846647087660822 0.849771300458439 0.832860100458256 0.596540631996723 0.596540631996723 0.244788188564899 0.244788188564899 0.762454443480388 0.851289783099781
"484" 0.511113926130527 0.499386601254983 0.330740503732796 0.00650188440944979 0.00650188440944979 0.0139460192820748 0.0139460192820748 0.188858504445948 0.463418657704318
"485" 0 0 0 0 0 0 0 0 0
"486" 0.884981331706945 0.874077977578226 0.846368302106869 0.57547713973149 0.57547713973149 0.370776644264031 0.370776644264031 0.729597847531342 0.867299823249334
"487" 0 0.000535626983577307 0 0.0010473641244538 0.0010473641244538 0.00108800261969471 0.00108800261969471 0.00103020235207335 0.0273647904891257
"488" 0.600209636113815 0.594098960706493 0.474231600797209 0.118563391080262 0.118563391080262 0.107522933717166 0.107522933717166 0.105980989563936 0.423206616260217
"489" 0.816492399812124 0.810696270784773 0.76753092918535 0.504396460887252 0.504396460887252 0.240074625675905 0.240074625675905 0.613651595391724 0.78834871857771
"490" 0.582402223289216 0.54551788014629 0.413022723585778 0.0386977843750163 0.0386977843750163 0 0 0.220774513884203 0.524630769431239
"491" 0.444486823863054 0.467504263641825 0.274572254838146 0.0437130714099209 0.0437130714099209 0.0475791920908638 0.0475791920908638 0.115368839850484 0.404031783555023
"492" 0.00659171895260193 0.0200456009211767 0.00688652352692118 0 0 0 0 0 0.00895995169278447
"493" 0.0665650157602158 0.00572652397610012 0.0243099913994162 0 0 6.47841209586333e-05 6.47841209586333e-05 0.0224818665109844 0.0720532086566778
"494" 0.412866352425501 0.369894965346554 0.271936771187558 0.0533426260717608 0.0533426260717608 0.0245161018665361 0.0245161018665361 0.0397271199341009 0.262036149273337
"495" 0.242551861572593 0.29352132748266 0.15485780857851 0.0514821808783849 0.0514821808783849 0 0 0.0962256784929447 0.250445838650328
"496" 0 0.00263079072450021 0 0.000436473403483893 0.000436473403483893 0.000633610755285886 0.000633610755285886 0.000525937220752358 0
"497" 0.000359809391672369 0.000386548756810904 0.000400300370350769 0.000203162143426689 0.000203162143426689 0.00148052030339115 0.00148052030339115 0 7.82104691542712e-05
"498" 0.657947810485526 0.676237659023817 0.586432490064807 0.222222588305636 0.222222588305636 0.0423037123464379 0.0423037123464379 0.472539791663119 0.633099577744153
"499" 0.739460642987171 0.656979675768265 0.477183322332195 0.00971885587471017 0.00971885587471017 0.00203581002254834 0.00203581002254834 0.356311998765339 0.662503526894526
"500" 4.50181299453274e-05 2.50227340999986e-05 0 1.0726642870227e-06 1.0726642870227e-06 5.3763245451547e-05 5.3763245451547e-05 7.37546667450651e-05 5.30869550981219e-05
"501" 0.346741894856416 0.368391746662773 0.208380717942006 0.0875333978493348 0.0875333978493348 0.0300821066869691 0.0300821066869691 0.138672381843737 0.306292524141927
"502" 0.387359756018422 0.432934529421947 0.173924685121606 0.0404133007720951 0.0404133007720951 0.0574590223220189 0.0574590223220189 0.0365778205449859 0.230995030235745
"503" 0.338442264095721 0.330083984744971 0.1963017905555 0.0167557419066619 0.0167557419066619 0 0 0.027409180481457 0.290038910582378
"504" 0 0 0 0 0 0 0 0 0
"505" 0.915013403589683 0.91241703742285 0.889478769406125 0.845430374441219 0.845430374441219 0.678167037826135 0.678167037826135 0.852384783903 0.91406569645267
"506" 0.53345146088475 0.507340422788896 0.387497595839806 0.159349741446034 0.159349741446034 0.127425724248385 0.127425724248385 0.350949797609908 0.578926441199415
"507" 0.0536384128500139 0.0826537790221165 0.0156669396412404 0 0 0 0 0.00553916187679884 0.0402783882089926
"508" 0.0561143338706161 0.0819648847540739 0.00774071702236203 0.0060194128804371 0.0060194128804371 0 0 0 0.0437593545062628
"509" 0.304196160307192 0.295645087692419 0.143547310203755 0.0447170150724939 0.0447170150724939 0 0 0.0793610510907958 0.252770812504706
"510" 0.00224641818769957 0 0.00465940549468615 0 0 0 0 0 0
"511" 0.541768472600647 0.534695146690018 0.407442995829347 0.0684449525628926 0.0684449525628926 0.0313637131728748 0.0313637131728748 0.258904955769002 0.548953868510805
"512" 0 0.00966023365311449 0 0.000552583345139947 0.000552583345139947 0.000576373663250194 0.000576373663250194 0.000565565375925981 5.07684943494454e-05
"513" 0 0.00144078405390423 5.75215290427402e-05 0.000369906747337324 0.000369906747337324 0.000104442345041341 0.000104442345041341 0 0
"514" 0.555381692867957 0.541781908518017 0.303544856386414 0.0151357303130162 0.0151357303130162 0 0 0.120898264132852 0.421220784727466
"515" 0 0.0223687116430221 0 0.000137639812737519 0.000137639812737519 0.000169241271823951 0.000169241271823951 0.000158281054519292 0
"516" 1.03382245972512e-05 0 0 0 0 5.44612039122897e-05 5.44612039122897e-05 4.96013240449773e-05 0.000335643295469902
"517" 0 0 0 0.00013220070775209 0.00013220070775209 0.000186601339543439 0.000186601339543439 0.00013014448995486 0
"518" 2.66355980863427e-05 0 0.000110041843559359 5.00087993420469e-06 5.00087993420469e-06 0 0 0 0
"519" 0.488404856619658 0.443900392279405 0.3367197802787 0.332384911633872 0.332384911633872 0.0987955487463923 0.0987955487463923 0.340847088813114 0.515963696395205
"520" 0.000718932379068212 0.0397732493788451 0.0419682503063877 0 0 0 0 0 6.24433863026657e-05
"521" 0.368226622564912 0.380006293054712 0.160821710900636 0.0405339846729466 0.0405339846729466 0.0277690809658901 0.0277690809658901 0.0460515272590833 0.207194977365772
"522" 0.706780789799509 0.702802558410479 0.621168746052529 0.328709456979924 0.328709456979924 0.00787474155185412 0.00787474155185412 0.555502391056986 0.660226420163662
"523" 0.348810670374076 0.1116896470064 0.055757639415361 0 0 0.0120558482142348 0.0120558482142348 0.123035544090313 0.246068392024753
"524" 0.731584241062053 0.729861720256141 0.654264771456807 0.426575328152873 0.426575328152873 0.141366409549851 0.141366409549851 0.530472453095836 0.702643769613985
"525" 0.611805570274758 0.607395943255254 0.469110972392113 0.228086078786196 0.228086078786196 0.0243182418465928 0.0243182418465928 0.355395091520031 0.552463862754592
"526" 0.881496534040904 0.880274218244317 0.869236424062144 0.858388711212535 0.858388711212535 0.746083602210803 0.746083602210803 0.856912879606222 0.873485090003149
"527" 0.973018170126793 0.964967842481364 0.948830205394006 0.98207860852724 0.98207860852724 0.94697310682043 0.94697310682043 0.947891576274558 0.985500714841654
"528" 0.949416982030724 0.948626856318521 0.936594302509385 0.940177585731748 0.940177585731748 0.955112102626083 0.955112102626083 0.958935386116102 0.952613826270094
"529" 0.606491463627609 0.609696387675869 0.618037677615263 0.562881558771118 0.562881558771118 0.118109274674082 0.118109274674082 0.480573351906453 0.572787891732348
"530" 0.597341109056259 0.595484893094562 0.60888529410843 0.493970520583214 0.493970520583214 0.34941145550941 0.34941145550941 0.530363783903536 0.611267669028961
"531" 0.524244825558972 0.475420122102783 0.514057836301663 0.329252112915683 0.329252112915683 0 0 0.370342765345342 0.479295820154855
"532" 0.760568732360862 0.744142616923312 0.740135632215107 0.62834916350212 0.62834916350212 0.409273058417216 0.409273058417216 0.702066185315119 0.759474198287931
"533" 0.9568155780978 0.958418347734235 0.950616794720232 0.947648802071007 0.947648802071007 0.9472830049006 0.9472830049006 0.955705758471904 0.95772388284229
"534" 0.652702240356079 0.619587877551462 0.649433303999307 0.453532301231593 0.453532301231593 0.241817243115763 0.241817243115763 0.530416366868075 0.643388602745122
"535" 0.293724181352966 0.329906736818802 0.333786164627045 0.18503508060343 0.18503508060343 0.122247994834453 0.122247994834453 0.250355152856319 0.288835635034404
"536" 0.651070319201091 0.625841252055257 0.64573935757102 0.550938079419276 0.550938079419276 0.351780802390967 0.351780802390967 0.583700581706838 0.647236990075595
"537" 0.185288346926992 0.195010651966666 0.16619646478577 0.03089961304081 0.03089961304081 0.00722787375493734 0.00722787375493734 0.0716130614316208 0.141081341797823
"538" 0.959389030151968 0.959495844538084 0.948292983951776 0.943808755288881 0.943808755288881 0.925103481258366 0.925103481258366 0.95267793127609 0.959636336623917
"539" 0.853796324383345 0.84871837522013 0.846107673579928 0.782778804526031 0.782778804526031 0.611906268664687 0.611906268664687 0.832821554384539 0.85948395147305
"540" 0.89455740362077 0.886887591267612 0.882415891597383 0.846347631909271 0.846347631909271 0.721374333611177 0.721374333611177 0.879553036936435 0.898845550974601
"541" 0.156994856571298 0.165530619664584 0.164959539737924 0.0266396671571637 0.0266396671571637 0 0 0.0623794270867028 0.156296751708102
"542" 0.938387333111885 0.935515584566072 0.916243910395538 0.94015638254637 0.94015638254637 0.929407587341503 0.929407587341503 0.954839706133264 0.945715020672906
"543" 0.690273462682918 0.682511679726232 0.676324276493948 0.577197744264679 0.577197744264679 0.567248510947525 0.567248510947525 0.662366925609019 0.692359103309178
"544" 0.967087226798072 0.967893581659776 0.959905815650306 0.96834189566437 0.96834189566437 0.958874150210016 0.958874150210016 0.965506990617801 0.967241741334007
"545" 0.962744736485722 0.967684005559925 0.949788170231848 0.967859046064302 0.967859046064302 0.941240138267558 0.941240138267558 0.942031805493877 0.960983723109742
"546" 0.270124330917037 0.252659863365462 0.251079947390976 0.0053539518105829 0.0053539518105829 0 0 0.10944338750498 0.245792674742276
"547" 0.728746019740915 0.723599837564711 0.72345049775116 0.722805763719108 0.722805763719108 0.525203447970706 0.525203447970706 0.712733204247714 0.725259127621068
"548" 0.972295005391129 0.972648430011169 0.957703653229471 0.969756899325678 0.969756899325678 0.973012023994693 0.973012023994693 0.977251633471634 0.974677213808828
"549" 0.938677996475727 0.936448035298722 0.916139536110022 0.914786585505185 0.914786585505185 0.892588537794795 0.892588537794795 0.937160021267671 0.942469858530321
"550" 0.676761579494675 0.641446311162834 0.656878283293559 0.494360750796361 0.494360750796361 0.246312949761171 0.246312949761171 0.592577347344562 0.66802618562461
"551" 0.425416783250346 0.409090056048092 0.429155084989828 0.292137246085225 0.292137246085225 0.215809979856867 0.215809979856867 0.349991282349922 0.41279210110282
