"V1" "V2" "V3" "V4" "V5" "V6" "V7" "V8" "V9"
"1" 0.0425894967156112 0.0516172059277849 0.173875381798556 0.601714949554326 0.601714949554326 0.891237850679652 0.891237850679652 0.486322635601308 0.120391499281683
"2" 0.0389837308196751 0.0537030197855269 0.0902227576980446 0.591206609707043 0.591206609707043 0.633821448392185 0.633821448392185 0.102845365655592 0.00760575390207274
"3" 0.163683907774715 0.189507926238091 0.407873378238336 0.794367665505908 0.794367665505908 0.999231288229061 0.999231288229061 0.667818454866013 0.374823124994058
"4" 0.0749947238177698 0.138485751178218 0.330832662923452 0.745916753855453 0.745916753855453 0.95128812282322 0.95128812282322 0.656897100137037 0.21216513937778
"5" 0.0919080126123234 0.118831291392826 0.3308198774483 0.781202557967404 0.781202557967404 0.922013791797819 0.922013791797819 0.664657894145356 0.218238065915236
"6" 0.0675006941714244 0.0456616056644162 0.265877197579522 0.665412204906036 0.665412204906036 0.922902500500207 0.922902500500207 0.497788884751642 0.139739164622571
"7" 0.250883228242968 0.27258449710378 0.478563683502171 0.862646852723184 0.862646852723184 0.986303481260608 0.986303481260608 0.715377468341521 0.385558427289565
"8" 0.234280086746294 0.3332847174976 0.461104330266357 0.837453598288549 0.837453598288549 0.999611107420226 0.999611107420226 0.776383880059579 0.538939329245413
"9" 0.0224398392765654 0.0838306685095438 0.297237674712404 0.600479630129698 0.600479630129698 0.865782695940724 0.865782695940724 0.310648065045965 0.0668853047794847
"10" 0.24975268734671 0.286616386849589 0.410654535240667 0.746918715800406 0.746918715800406 0.99980970069319 0.99980970069319 0.769072973802923 0.474356471709407
"11" 0.188543073329889 0.240691241344715 0.521713947246841 0.815016166973055 0.815016166973055 0.974606424106148 0.974606424106148 0.756015400610246 0.354175360802197
"12" 0.0844408893684252 0.164937246445637 0.335143676382539 0.790544602076364 0.790544602076364 0.984128345922505 0.984128345922505 0.677327728325922 0.234120031381466
"13" 0.935239919137863 0.983076020484746 0.959733524418471 0.999041573715132 0.999041573715132 0.999954622169114 0.999954622169114 0.967616371929478 0.906009508139903
"14" 0.0923658569066898 0.149510639972196 0.279897551148407 0.636543223819561 0.636543223819561 0.955503058255357 0.955503058255357 0.58070814421218 0.192160966591651
"15" 0.155348656690491 0.202261123490776 0.372700816160588 0.716024510383536 0.716024510383536 0.952609991206068 0.952609991206068 0.585398778078803 0.318988024163599
"16" 0.927704274270952 0.952197951159871 0.955628478736391 0.998739903030528 0.998739903030528 0.99988922442821 0.99988922442821 0.973707489019028 0.853148657907463
"17" 0.046155002914599 0.0472358090761354 0.242591113964864 0.627351891652686 0.627351891652686 0.782142130125138 0.782142130125138 0.309905568612672 0.0955652800995504
"18" 0.946638250023516 0.972716775375009 0.970777923931788 0.998973114964206 0.998973114964206 0.999911357464387 0.999911357464387 0.967323450101334 0.926823258351482
"19" 0.199508396199332 0.216512410230454 0.434902088363895 0.918465725197443 0.918465725197443 0.999846464791602 0.999846464791602 0.719342137926065 0.387454615119247
"20" 0.406992571433348 0.452179316672026 0.80656642824299 0.944999118131908 0.944999118131908 0.958789169859801 0.958789169859801 0.943500818340557 0.689235053782295
"21" 0.827917117423457 0.818488103285802 0.990222396627806 0.998724717917137 0.998724717917137 0.999867024566379 0.999867024566379 0.851782595745993 0.795535675348361
"22" 0.382038558273553 0.54147073711681 0.725080198084965 0.991669689570904 0.991669689570904 0.937506156209181 0.937506156209181 0.744159749522256 0.261744709373757
"23" 0.023297780382942 0.0464167149375516 0.332664547428196 0.677897463637363 0.677897463637363 0.851458672914916 0.851458672914916 0.152276489301826 0.0401265289756835
"24" 0.997378438023414 0.968395204304508 0.982877322067477 0.999851178993133 0.999851178993133 0.999999700250358 0.999999700250358 0.999142151220704 0.9959343601054
"25" 0.57884691077408 0.604980650813151 0.72097386962717 0.916331454133381 0.916331454133381 0.999847082186153 0.999847082186153 0.976526058809454 0.823733197645037
"26" 0.898017021806226 0.902436791419534 0.997207258494269 0.930527064754891 0.930527064754891 0.999989779121315 0.999989779121315 0.995656050369869 0.906120156954823
"27" 0.984385087524833 0.992957993614285 0.997743803405836 0.996862435039676 0.996862435039676 0.99997552247283 0.99997552247283 0.99967362976694 0.992257504471754
"28" 0.696452495104403 0.61269815259987 0.842333438103408 0.956700732293533 0.956700732293533 0.974439633733743 0.974439633733743 0.944295598002685 0.825725370679778
"29" 0.698762596346979 0.642733142440012 0.950308839461948 0.980861936791312 0.980861936791312 0.999983386246241 0.999983386246241 0.990436751424689 0.796204657578144
"30" 0.318959202181863 0.279871701057625 0.628780700598099 0.854580562279643 0.854580562279643 0.968422805597272 0.968422805597272 0.794879954093691 0.453808150570119
"31" 0.872262080312519 0.966411355661339 0.993562663092469 0.999724131688957 0.999724131688957 0.999999185979436 0.999999185979436 0.998781672814531 0.963134430079679
"32" 0.844980141299555 0.96150116492951 0.971171917580736 0.999879189167834 0.999879189167834 0.999999614411634 0.999999614411634 0.998740699805105 0.945897909957673
"33" 0.00503624811218863 0.102539914818517 0.239394778606156 0.502732252510585 0.502732252510585 0.635747748950704 0.635747748950704 0.138701706220411 0.00111469571820068
"34" 0.308528888062295 0.260635743904817 0.49259829898994 0.938385953117843 0.938385953117843 0.895304084233621 0.895304084233621 0.775963274868938 0.501469579408018
"35" 0.986685475261484 0.990411421726962 0.999150610794205 0.999659526945415 0.999659526945415 0.999999638771692 0.999999638771692 0.999607971873807 0.988086678184558
"36" 0.129444046956826 0.17931438821335 0.529772330426275 0.86066663101446 0.86066663101446 0.889372743371682 0.889372743371682 0.721419418905148 0.137847628283225
"37" 0.738842502086513 0.853338918409984 0.960217370805401 0.996080940485454 0.996080940485454 0.999994932656877 0.999994932656877 0.842002312411968 0.710680674434501
"38" 0.230162051304121 0.370180370590063 0.628852985116966 0.997961851945359 0.997961851945359 0.875342353613914 0.875342353613914 0.561583037419226 0.184830628959377
"39" 0.996481139604465 0.964017501042768 0.981158800924683 0.999973174308908 0.999973174308908 0.999998914432018 0.999998914432018 0.999065144435869 0.996138630764574
"40" 0.976322436130112 0.984838970090167 0.997514933557777 0.99983600997035 0.99983600997035 0.999999861724976 0.999999861724976 0.998932528806368 0.978280145950956
"41" 0.771434524009418 0.937695439323839 0.969176180092138 0.999146216349548 0.999146216349548 0.999999378744737 0.999999378744737 0.997818162896457 0.92214317192009
"42" 0.0429308042433051 0.0500542076951559 0.134894771383787 0.598932194989675 0.598932194989675 0.933166381816262 0.933166381816262 0.510530178135162 0.120423904197655
"43" 0.277410594919495 0.281275955959635 0.588325049250569 0.886391929143727 0.886391929143727 0.957057286626677 0.957057286626677 0.722002827151173 0.432021398106986
"44" 0.00925035608832712 0.0612747006079057 0.173065998101027 0.411507229852922 0.411507229852922 0.576468418422751 0.576468418422751 0.129040365619725 0
"45" 0.997951150788653 0.998647454710944 0.999768880311772 0.999916556964047 0.999916556964047 0.999828304229244 0.999828304229244 0.99964056356228 0.999160653862742
"46" 0.0862892788568111 0.130101922230682 0.166346222034552 0.594420963365525 0.594420963365525 0.932687420795377 0.932687420795377 0.539936067690808 0.185082465793125
"47" 0.219064502971538 0.346838801629548 0.537371769532008 0.890591549528754 0.890591549528754 0.999908343824851 0.999908343824851 0.852535942003005 0.311111463911
"48" 0.152529261919948 0.207404949213812 0.461927561593844 0.802245676407095 0.802245676407095 0.968370252485023 0.968370252485023 0.806842949664791 0.362640627647069
"49" 0.971397934143734 0.996598120659529 0.991863114927459 0.997770715334651 0.997770715334651 0.999955860570549 0.999955860570549 0.996525501072536 0.975415538381417
"50" 0.921366069323147 0.972508058047446 0.996664949346307 0.999955043552152 0.999955043552152 0.999999830357656 0.999999830357656 0.998835271561471 0.930701988938658
"51" 0.0914176101844999 0.0644198144416971 0.225317387610395 0.667011072523585 0.667011072523585 0.786487867218959 0.786487867218959 0.192789500020812 0.0426488139541467
"52" 0.151352043066216 0.277945373399437 0.393518147590479 0.803140778167626 0.803140778167626 0.978056065927696 0.978056065927696 0.789294747759849 0.359211671362104
"53" 0.0572479973985719 0.107730847791615 0.324068001115044 0.720568597090085 0.720568597090085 0.906692232799842 0.906692232799842 0.519475671758178 0.128601910221618
"54" 0.708734780033038 0.750939241861136 0.906897988990218 0.958515937879483 0.958515937879483 0.999969313449535 0.999969313449535 0.957455441970797 0.787591218461217
"55" 0.277716170018359 0.295330579254146 0.520117500877592 0.874383366373072 0.874383366373072 0.944748863061343 0.944748863061343 0.813413191409375 0.503649712822914
"56" 0.0035745160145563 0.0609403596587594 0.202188932787678 0.682689594378438 0.682689594378438 0.828015427744788 0.828015427744788 0.241886324884289 0.00250725245657662
"57" 0.205947885087698 0.2733710122451 0.358974738469917 0.836607365781958 0.836607365781958 0.965584645330211 0.965584645330211 0.629918972404018 0.258827304995434
"58" 0.960606760705295 0.940787000719465 0.998694592816632 0.999141076098248 0.999141076098248 0.999999656402053 0.999999656402053 0.998390370113449 0.962861676587577
"59" 0.405822341773361 0.382554191582395 0.581844885279351 0.966553066404059 0.966553066404059 0.977526945795627 0.977526945795627 0.893405179753017 0.637583811934901
"60" 0.403114462987202 0.459468418881254 0.627795624131995 0.964725074433726 0.964725074433726 0.977613166975928 0.977613166975928 0.886046633036142 0.640517949768033
"61" 0.384813690182205 0.454166071480812 0.518777386171741 0.944140618251739 0.944140618251739 0.956133116102829 0.956133116102829 0.894425324761289 0.580280250062202
"62" 0.131971447997084 0.18239780406037 0.298552004765561 0.713603168535077 0.713603168535077 0.763231764210632 0.763231764210632 0.480495956353045 0.265273975029874
"63" 0.145362035895807 0.165846587387985 0.255411979797159 0.702585218173657 0.702585218173657 0.709288615797985 0.709288615797985 0.330758241312175 0.121955165152427
"64" 0.931821654771617 0.979810880505935 0.984316530273524 0.999270546396366 0.999270546396366 0.999932120762742 0.999932120762742 0.971857993312409 0.925083774051107
"65" 0.997899880437347 0.991933372143558 0.998453660470261 0.998038682757011 0.998038682757011 0.999975448218538 0.999975448218538 0.998072565292351 0.997246460406178
"66" 0.145988488453167 0.174734787412511 0.338967247149456 0.829809156584023 0.829809156584023 0.911418370409828 0.911418370409828 0.618008552888426 0.304400875078677
"67" 0.210473734758311 0.272093217715616 0.385631582464523 0.805614981438275 0.805614981438275 0.948583483016104 0.948583483016104 0.809321367378551 0.404362260592692
"68" 0.982902490521182 0.966315814689326 0.999364165800089 0.999806210896862 0.999806210896862 0.999999959104801 0.999999959104801 0.998934371554139 0.965279890497498
"69" 0.0769637256486978 0.125763588424696 0.175682097463818 0.574726729044888 0.574726729044888 0.69779729042889 0.69779729042889 0.393207025036349 0.0868070792912895
"70" 0.0033794071862875 0.089846410788035 0.181768743879558 0.584897726233773 0.584897726233773 0.76877929748268 0.76877929748268 0.185021460151346 0.026409544913329
"71" 0.997601651229429 0.998633894154336 0.992046579345901 0.999329705878771 0.999329705878771 0.999999892824819 0.999999892824819 0.999495027223003 0.993961020329472
"72" 0.00411237364024466 0.0372422365789141 0.165736889999033 0.449466897321472 0.449466897321472 0.557728969426869 0.557728969426869 0.136013028030307 0.00414469601667929
"73" 0.31564960067798 0.47528637163263 0.655309816063193 0.866259605125937 0.866259605125937 0.96151461003362 0.96151461003362 0.632190452636751 0.340297351838738
"74" 0.000984397378545987 0.0522512340776167 0.175302511841129 0.433024535876474 0.433024535876474 0.558708441384074 0.558708441384074 0.129310512912486 0
"75" 0.277420823230027 0.286397438778891 0.515394619400288 0.804567924679486 0.804567924679486 0.980797303886086 0.980797303886086 0.700136701148345 0.386557373207905
"76" 0.362016201352599 0.326958464381261 0.63458758174965 0.800341319192443 0.800341319192443 0.910636381154991 0.910636381154991 0.68801448862528 0.383785178099815
"77" 0.395338740720707 0.381299724964713 0.590141322205867 0.81463303509835 0.81463303509835 0.890063005615974 0.890063005615974 0.733631637060384 0.43694300794605
"78" 0.944185368290622 0.956241630496186 0.963140389346265 0.999446712863746 0.999446712863746 0.999948733615483 0.999948733615483 0.983463079094097 0.895815686822243
"79" 0.515370015626793 0.525042362571777 0.787662224353705 0.99792999972255 0.99792999972255 0.99988071986454 0.99988071986454 0.929630254503382 0.596477543557112
"80" 0.468793660880786 0.493326509024116 0.65659040246632 0.996944922753065 0.996944922753065 0.999992945076601 0.999992945076601 0.879154071841098 0.525066586860024
"81" 0.284973572022453 0.392438093602717 0.593997808390995 0.972610734779965 0.972610734779965 0.999799902492885 0.999799902492885 0.834301288495773 0.254685754797492
"82" 0.681461461530717 0.731765562498231 0.928119593076973 0.998107193567643 0.998107193567643 0.999996749131643 0.999996749131643 0.988436315411811 0.79131369870982
"83" 0.570111354370249 0.82656710765299 0.920301135966347 0.994767494360354 0.994767494360354 0.947855842868653 0.947855842868653 0.808621098502081 0.566030970502515
"84" 0.425937078204866 0.481191573482717 0.581061927106606 0.945590409875932 0.945590409875932 0.978243892545397 0.978243892545397 0.8939140656618 0.610385446402637
"85" 0.988852526781508 0.996382749655842 0.998387127578009 0.99901958883345 0.99901958883345 0.999999961436474 0.999999961436474 0.999743103614011 0.940530346246941
"86" 0.00241499195744742 0.0717934298777384 0.253778001993285 0.682585939518725 0.682585939518725 0.910779890856597 0.910779890856597 0.261254032187065 0.0198700162654931
"87" 0.359208013106253 0.411362810886363 0.61890004262055 0.938020915719024 0.938020915719024 0.971524358356142 0.971524358356142 0.835316665295195 0.222652576754164
"88" 0.998080757790325 0.976943340312857 0.998955319776361 0.99988895030203 0.99988895030203 0.999998852745629 0.999998852745629 0.999198036565485 0.997107384714374
"89" 0.204877992321432 0.260440110924824 0.330086325661686 0.854769600664846 0.854769600664846 0.979964229515352 0.979964229515352 0.621289808375896 0.272491509700412
"90" 0.0871674856945966 0.119451962016368 0.219812804883152 0.417020788140495 0.417020788140495 0.686922982192299 0.686922982192299 0.169175686256487 0.023799461634562
"91" 0.984559707120898 0.996763586701553 0.996229233602652 0.999071946785479 0.999071946785479 0.99999996619037 0.99999996619037 0.999538636558935 0.98783052110912
"92" 0.106162242789444 0.165896042062815 0.302580369931833 0.782533003084595 0.782533003084595 0.971906766684436 0.971906766684436 0.697586089328209 0.267757138680877
"93" 0.161426633046058 0.161161346235039 0.425991941475342 0.821321783221695 0.821321783221695 0.949965214695869 0.949965214695869 0.686331064704072 0.31711920072481
"94" 0.999615483496298 0.999431265989305 0.999844469869291 0.999864570776974 0.999864570776974 0.99999776632627 0.99999776632627 0.999208832296314 0.998095042196883
"95" 0.407004519034439 0.479820565739392 0.531871207724037 0.95079556725694 0.95079556725694 0.971463844777559 0.971463844777559 0.91508587765185 0.624501339104143
"96" 0.624216025568113 0.63007184720419 0.836123467483066 0.999254257953617 0.999254257953617 0.99999664887466 0.99999664887466 0.913984115403513 0.770560774613451
"97" 0.685758997900355 0.620516439566749 0.922421828097421 0.980612487574769 0.980612487574769 0.999748180876558 0.999748180876558 0.996896256520646 0.767580768415776
"98" 0.371786831420785 0.404522011981811 0.59432558793324 0.899238401951009 0.899238401951009 0.902362779891968 0.902362779891968 0.685196377013906 0.329554702523547
"99" 0.0477668655892836 0.0399709383452362 0.24569030498588 0.504013916633812 0.504013916633812 0.749178688049196 0.749178688049196 0.303671522957355 0.0549381027330425
"100" 0.851447680649131 0.958534804248927 0.995996873124638 0.999730380783563 0.999730380783563 0.999998135801949 0.999998135801949 0.998256589164378 0.976149420956996
"101" 0.271067979303803 0.278017883604649 0.474770707146181 0.785331223995256 0.785331223995256 0.940765402036334 0.940765402036334 0.706329181731018 0.368480970732106
"102" 0.111221416097709 0.0865098535893306 0.211334910412236 0.599935788135704 0.599935788135704 0.867693685514811 0.867693685514811 0.594113150270465 0.172379534361207
"103" 0.995636569793233 0.988997759963492 0.997725513575962 0.997740979620094 0.997740979620094 0.999982468188767 0.999982468188767 0.998949172895008 0.993794856457227
"104" 0.319121822280267 0.233791659935829 0.336398429225305 0.602308118671451 0.602308118671451 0.913131370578256 0.913131370578256 0.408027108208521 0.1763470836553
"105" 0.0408422965249053 0.100871976232733 0.252445676652372 0.478734912900505 0.478734912900505 0.677461046986526 0.677461046986526 0.105918678220445 0.0397777113273524
"106" 0.458482737137727 0.562591633284659 0.761831103712226 0.956651786985355 0.956651786985355 0.975357251125635 0.975357251125635 0.970573752138221 0.727441771147216
"107" 0.4137917017053 0.389398991620065 0.581912197764769 0.955709721191882 0.955709721191882 0.96341336171575 0.96341336171575 0.902598249901764 0.627636806134993
"108" 0.998720407740428 0.998117689981158 0.985583480216096 0.999600321818371 0.999600321818371 0.999999957236569 0.999999957236569 0.999340649172978 0.995354122091786
"109" 0.264929256648373 0.278179945135042 0.494428700564829 0.790723411537355 0.790723411537355 0.963612882123555 0.963612882123555 0.688506897068705 0.375740689873454
"110" 0.685665582275896 0.701322785848532 0.901924926800737 0.999172928842613 0.999172928842613 0.999991220949393 0.999991220949393 0.954526694555047 0.792030127248557
"111" 0.853494292104844 0.920123225070958 0.968556484164473 0.998995148997019 0.998995148997019 0.999990799203167 0.999990799203167 0.99640078222602 0.865357243090828
"112" 0.687435905608012 0.568970544651547 0.849902249963311 0.994272792017001 0.994272792017001 0.999522024295399 0.999522024295399 0.990243816955218 0.726128789017531
"113" 0.949780613365318 0.97119549357134 0.990788781808144 0.999577305344049 0.999577305344049 0.999998856349199 0.999998856349199 0.998777115869217 0.972550916582723
"114" 0.213180604652156 0.16610358818551 0.538903366730046 0.839796664856712 0.839796664856712 0.945470665975054 0.945470665975054 0.713764142217788 0.200438798512965
"115" 0.293164986070415 0.296964166467731 0.518512281214357 0.797398129808205 0.797398129808205 0.998165796928568 0.998165796928568 0.708736794191594 0.401547165115807
"116" 0.944558848186291 0.950742260412446 0.999161572963355 0.997432454088799 0.997432454088799 0.999998684373258 0.999998684373258 0.99905603020298 0.932349133546738
"117" 0.78378455896912 0.860767166887961 0.97798261936706 0.99937374890136 0.99937374890136 0.999992518874454 0.999992518874454 0.997551940061514 0.909726681612788
"118" 0.349877420308719 0.367892815757583 0.642090474823016 0.906123819056237 0.906123819056237 0.99931761877183 0.99931761877183 0.820662023168505 0.503547414749959
"119" 0.377784769529688 0.470611274021864 0.671792461600107 0.996359774093622 0.996359774093622 0.999982643974032 0.999982643974032 0.905438787324724 0.35573230779768
"120" 0.00644742607111598 0.0225330937080482 0.101676795055723 0.474201269334221 0.474201269334221 0.803056736931187 0.803056736931187 0.262796672250865 0.04402642687471
"121" 0.0982510814739078 0.368413380948254 0.578462254000909 0.881470060958538 0.881470060958538 0.958537062273514 0.958537062273514 0.812386574048278 0.18725394475317
"122" 0.505101811340834 0.854453487009854 0.993103686851705 0.999446162141565 0.999446162141565 0.999870262650631 0.999870262650631 0.627704752620308 0.475085085286839
"123" 0.402369413197407 0.576695178415441 0.77006480570026 0.969699352015351 0.969699352015351 0.999958265313345 0.999958265313345 0.962615426347913 0.539360903109941
"124" 0.9991060029632 0.998462683976615 0.992287008963404 0.999926876981247 0.999926876981247 0.999965183160661 0.999965183160661 0.999350583007197 0.998166653633469
"125" 0.195811384449777 0.371410846914105 0.477981659782488 0.880656738861183 0.880656738861183 0.955787653834689 0.955787653834689 0.930070583756185 0.537915868400867
"126" 0.0659323298675874 0.0811830089012003 0.200925588783857 0.525154978983507 0.525154978983507 0.600986802362951 0.600986802362951 0.151340940220285 0.0251358136811794
"127" 0.367232713722076 0.463398614164631 0.801526817880211 0.976721230834424 0.976721230834424 0.99960642063239 0.99960642063239 0.852188772521745 0.548524338090331
"128" 0.0360938444086307 0.00336351743204167 0.129456960902306 0.377520403021927 0.377520403021927 0.515800695198027 0.515800695198027 0.0384330106094426 0.000391873408642414
"129" 0.502941919122879 0.50797700542368 0.790185682174674 0.998846354702669 0.998846354702669 0.999851437824518 0.999851437824518 0.907891344536028 0.600482810729539
"130" 0.899482981837549 0.986243741731238 0.995254463748328 0.999372849350726 0.999372849350726 0.999999503240385 0.999999503240385 0.998610317752787 0.967142055882082
"131" 0.99766941927446 0.999161035945779 0.974842083307178 0.999993228673686 0.999993228673686 0.999999478719265 0.999999478719265 0.999162002690229 0.996686693273605
"132" 0.986090208581488 0.98968617444027 0.998985069923352 0.999638386439964 0.999638386439964 0.999998582514085 0.999998582514085 0.999548955464462 0.989148779494694
"133" 0.41668014326266 0.396225958417459 0.736871254372289 0.945958043137243 0.945958043137243 0.978996231018469 0.978996231018469 0.815506401578389 0.4855460594268
"134" 0.970676414635943 0.97299559447342 0.991447382069038 0.99985793761445 0.99985793761445 0.999999940238866 0.999999940238866 0.99905278728538 0.971045074813577
"135" 0.616351956030402 0.646702789310689 0.864382008722201 0.960545929118371 0.960545929118371 0.999996449597126 0.999996449597126 0.916181837053443 0.704926506634219
"136" 0.506394678394665 0.496699490151205 0.713813414852108 0.982350797106539 0.982350797106539 0.999924313764251 0.999924313764251 0.908885698161213 0.587951075800898
"137" 0.0596016028946026 0.0906120387883189 0.300572944013571 0.692323428950067 0.692323428950067 0.920395967215925 0.920395967215925 0.55923941521061 0.120345106593796
"138" 0.474845760323904 0.486032084268164 0.83362619357472 0.971327360379011 0.971327360379011 0.995487068040674 0.995487068040674 0.974866728639949 0.723590685237723
"139" 0.0119581009614594 0.0311360259619511 0.152437900453949 0.409037821077824 0.409037821077824 0.574351011488212 0.574351011488212 0.0146812824454963 0.00878884374417123
"140" 0.998646791923217 0.998795658943416 0.983925531691897 0.999984422177798 0.999984422177798 0.999994098874138 0.999994098874138 0.999267838796755 0.997506336408264
"141" 0.995032291390159 0.995826854862483 0.999427243593237 0.999835538124699 0.999835538124699 0.999967663431941 0.999967663431941 0.999420533929473 0.933529128245839
"142" 0.870498178969556 0.849723164769471 0.958127580058366 0.999286570059079 0.999286570059079 0.999990039004203 0.999990039004203 0.972577582966662 0.825059812911671
"143" 0.766365496509228 0.787055066788306 0.956415111225118 0.997780709295178 0.997780709295178 0.999744543983498 0.999744543983498 0.994856760383712 0.773306956118911
"144" 0.417412506181158 0.374664943033833 0.645958322642321 0.920995214491374 0.920995214491374 0.999779547595829 0.999779547595829 0.862190656524041 0.535902648868028
"145" 0.0944273015022181 0.228035943870192 0.324471480540547 0.8207902782213 0.8207902782213 0.867523271249652 0.867523271249652 0.55188894221591 0.170387761031376
"146" 0.689280214405326 0.626027794441198 0.93307009784883 0.983217457076803 0.983217457076803 0.999882699715132 0.999882699715132 0.988671554646666 0.782320956673306
"147" 0.0445597616820192 0.35792145543224 0.699687809889375 0.871421639521141 0.871421639521141 0.942094385362445 0.942094385362445 0.714556515436569 0.14455029287039
"148" 0.401600413901374 0.489400943720086 0.653521547319868 0.996578912787691 0.996578912787691 0.9998680040994 0.9998680040994 0.920319606388714 0.419426438645158
"149" 0 0.0410252510981862 0.0814904494488048 0.4499070006976 0.4499070006976 0.475457125295862 0.475457125295862 0.122700182606414 0
"150" 0.245205433170358 0.274847622254241 0.524767851921422 0.857804616130968 0.857804616130968 0.999083131188337 0.999083131188337 0.733171742446528 0.430110413290292
"151" 0.859243977599343 0.852891791517904 0.954998817981558 0.998109264868413 0.998109264868413 0.999981461523546 0.999981461523546 0.961060113519024 0.810235837727584
"152" 0.997645056155635 0.995410540509491 0.985278127885816 0.999730354406373 0.999730354406373 0.999999979071726 0.999999979071726 0.999229839005874 0.995209006795679
"153" 0.0626642058500432 0.0511191528972828 0.0870561948789649 0.568916490436856 0.568916490436856 0.697382271289492 0.697382271289492 0.182084953051005 0.0219949053513907
"154" 0.0421805349905011 0.0591610673349661 0.151540764000449 0.533573108560925 0.533573108560925 0.830805401341903 0.830805401341903 0.244915042175391 0.0670692157322502
"155" 0.741190145388055 0.935038963610256 0.995505874858603 0.997631450530212 0.997631450530212 0.999955950538011 0.999955950538011 0.930737286238505 0.766980033378595
"156" 0.995856398109926 0.993857032638639 0.999269523949745 0.998576501698059 0.998576501698059 0.999969005410212 0.999969005410212 0.996611229247571 0.990306254119839
"157" 0.66331309443633 0.65108050545692 0.974829973030422 0.976364882927511 0.976364882927511 0.999834591526336 0.999834591526336 0.961670727266234 0.868058358598401
"158" 0.231120250169208 0.330634399394879 0.497049981330345 0.88894360971171 0.88894360971171 0.999958098832592 0.999958098832592 0.803001194323159 0.304208626048479
"159" 0.90341584291233 0.941572123794502 0.911019734191476 0.999269091826386 0.999269091826386 0.999890093285838 0.999890093285838 0.997946966717122 0.873608799848769
"160" 0.140642205443635 0.263989866707913 0.558267984051618 0.865490609968085 0.865490609968085 0.999659645542659 0.999659645542659 0.68802099710854 0.268831716575051
"161" 0.275832341155831 0.26365819304851 0.509348925515449 0.882226256393909 0.882226256393909 0.998943053811908 0.998943053811908 0.696575749544696 0.391128468089813
"162" 0.416032836165791 0.52352800940325 0.593405350428947 0.9392463699201 0.9392463699201 0.97777932495524 0.97777932495524 0.928071639391055 0.709493067755398
"163" 0.807408161531643 0.817527012050132 0.987562032762152 0.998249725000194 0.998249725000194 0.9998566244753 0.9998566244753 0.86285973288319 0.772243069975432
"164" 0.0995875307213766 0.0885046940991105 0.251997292940678 0.78391953955539 0.78391953955539 0.900290790337066 0.900290790337066 0.556744535741851 0.0550672102230155
"165" 0.328564369844572 0.290644037616412 0.557207344723307 0.802772605013712 0.802772605013712 0.90806929391562 0.90806929391562 0.762739811124119 0.403399404863658
"166" 0.965017573687028 0.932655108287336 0.975219273415924 0.999376866895699 0.999376866895699 0.999998421359306 0.999998421359306 0.995319662317859 0.923480002767165
"167" 0.166272606475759 0.256662622946962 0.395652295438749 0.86552216378332 0.86552216378332 0.976404022162197 0.976404022162197 0.674503149764496 0.399157320576699
"168" 0.744121627837373 0.96452303726594 0.99660996550328 0.998293385271574 0.998293385271574 0.999997782440822 0.999997782440822 0.867417770998924 0.668049472647115
"169" 0.250506139309419 0.184731663017467 0.294975089543919 0.44584561154673 0.44584561154673 0.800453533244498 0.800453533244498 0.440548230822343 0.0479812239316785
"170" 0.119175534510749 0.589980271473761 0.710838185166351 0.93877591878651 0.93877591878651 0.99980751804609 0.99980751804609 0.877739812191394 0.335088200522723
"171" 0.176339497824825 0.254530893244854 0.445104032767089 0.807683118257895 0.807683118257895 0.998470694876517 0.998470694876517 0.624694379314047 0.354649627203064
"172" 0.976702151711609 0.990607063541275 0.998989181957785 0.99899307099789 0.99899307099789 0.999999969509233 0.999999969509233 0.999085062946252 0.961677529350907
"173" 0.986177233759855 0.997635274865841 0.990777017645982 0.995795197682569 0.995795197682569 0.99992160184379 0.99992160184379 0.99781557597286 0.9597269663646
"174" 0.644890790070764 0.629205725967353 0.794627324996581 0.999030564762339 0.999030564762339 0.999960469635902 0.999960469635902 0.955309184153906 0.667627621127676
"175" 0.491112524157332 0.601105142290099 0.600225478054689 0.932987246323344 0.932987246323344 0.978601672068807 0.978601672068807 0.98332264140879 0.693057972140533
"176" 0.90026653948907 0.969227678311356 0.985119563452103 0.999178386782884 0.999178386782884 0.999998081534239 0.999998081534239 0.998019653068244 0.927206407866932
"177" 0.505193177358166 0.587737309013133 0.783989759941729 0.985536537399018 0.985536537399018 0.981465992164388 0.981465992164388 0.976288086051217 0.773547518518829
"178" 0.997889010396847 0.997857292115685 0.994862254411431 0.999642651239281 0.999642651239281 0.999964414268018 0.999964414268018 0.999796344349041 0.998316276731067
"179" 0.015375544948982 0.110767421955542 0.239845411555976 0.668747263621441 0.668747263621441 0.910509482881207 0.910509482881207 0.288597597851021 0.0342990145453571
"180" 0.996507215831799 0.99542776841048 0.998423490273412 0.99937527529955 0.99937527529955 0.999983985374409 0.999983985374409 0.99961843200963 0.994916876461441
"181" 0.807664362307718 0.963622278871255 0.996374502880541 0.999332990505193 0.999332990505193 0.999998478263563 0.999998478263563 0.997574190395081 0.928826295132802
"182" 0.81610543217825 0.959377000008031 0.995805231919966 0.999324926434294 0.999324926434294 0.999998073196078 0.999998073196078 0.99834288250607 0.918913240188576
"183" 0.0798051158047373 0.0784777553400847 0.300813539817118 0.781228728955356 0.781228728955356 0.895059913531514 0.895059913531514 0.453515923447591 0.117968878901573
"184" 0.371343332963021 0.32752961479131 0.54240932275037 0.895800435041489 0.895800435041489 0.966737897610678 0.966737897610678 0.78565275709697 0.465241028708168
"185" 0.408430286858242 0.390171244664981 0.650416695137537 0.94288665836813 0.94288665836813 0.999488033054611 0.999488033054611 0.858339769135729 0.543604707523283
"186" 0.999514454626361 0.998680620348396 0.998791994931063 0.999756367748003 0.999756367748003 0.998263532926581 0.998263532926581 0.999582968566105 0.999560421998083
"187" 0.887686685262379 0.964899757921427 0.996069318472163 0.9995693295819 0.9995693295819 0.999999416122326 0.999999416122326 0.998315514778863 0.945782685810428
"188" 0.53684324583877 0.639141360805304 0.63896385008586 0.944332025357863 0.944332025357863 0.997628293478505 0.997628293478505 0.979599977152613 0.7462260110718
"189" 0.550608278847904 0.363496741158482 0.579223618409595 0.931638516933213 0.931638516933213 0.999910927955483 0.999910927955483 0.857486759214968 0.283336255571334
"190" 0.998267896029159 0.998854929505579 0.999029009233212 0.999967293203761 0.999967293203761 0.9998484811404 0.9998484811404 0.999607455117272 0.999661724969389
"191" 0.187240190415204 0.259256280906691 0.353120438175775 0.796641388355078 0.796641388355078 0.933136969746253 0.933136969746253 0.60168965420128 0.332708894835967
"192" 0.157157995682789 0.5096622493089 0.772124450159036 0.996284139066674 0.996284139066674 0.999814461807465 0.999814461807465 0.846669749847832 0.364776102297143
"193" 0.643177574844366 0.662623408161012 0.67514788261356 0.959825808417387 0.959825808417387 0.999095499972277 0.999095499972277 0.944125327179943 0.786894346090814
"194" 0.563357138066977 0.616673161422645 0.711712582023416 0.977579303515513 0.977579303515513 0.979401612413823 0.979401612413823 0.959802390143105 0.80147186320825
"195" 0.0519132059120822 0.129748908136861 0.460256344100268 0.773035185025708 0.773035185025708 0.871927063210118 0.871927063210118 0.467787489262276 0.190419101368508
"196" 0.658836091608998 0.776407548623002 0.948637430686902 0.997871138260797 0.997871138260797 0.999991733611499 0.999991733611499 0.981622460242488 0.784160317060024
"197" 0.553401130612932 0.58757321357937 0.839211657937649 0.99709854045604 0.99709854045604 0.999991280334192 0.999991280334192 0.918280754066111 0.670545289137626
"198" 0.849585939753831 0.86662357079807 0.954675244304589 0.999473041138592 0.999473041138592 0.999993004019593 0.999993004019593 0.925088155021911 0.788984859448581
"199" 0.899320554099894 0.973021628362711 0.997420232409575 0.999986958447441 0.999986958447441 0.999999676011909 0.999999676011909 0.998851786648009 0.92623756454728
"200" 0.334203214238971 0.310034697441472 0.642540478548257 0.940872022083194 0.940872022083194 0.975257224134655 0.975257224134655 0.694480784841992 0.430850959313868
"201" 0.999528796501929 0.998693764385616 0.999302948497379 0.999790991053116 0.999790991053116 0.999600794427856 0.999600794427856 0.999573363974292 0.999645345291338
"202" 0.626263173699796 0.703718127229322 0.820422033921503 0.956174090953167 0.956174090953167 0.999992321661877 0.999992321661877 0.91442333167761 0.789418039574114
"203" 0.386959771626523 0.511450049466729 0.788167081839156 0.996902757211867 0.996902757211867 0.999814625190373 0.999814625190373 0.9258450093288 0.29915935567143
"204" 0.00804985844136888 0.313310700640229 0.601657905636814 0.870941843568643 0.870941843568643 0.999009636939385 0.999009636939385 0.613709115801746 0.126506618411108
"205" 0.449315791256615 0.560445096523663 0.76684243754329 0.923983129072352 0.923983129072352 0.999166990662468 0.999166990662468 0.68386603665483 0.38440635541967
"206" 0.0342033928391149 0.0947076519971333 0.33662734652014 0.631860097516937 0.631860097516937 0.85946269412796 0.85946269412796 0.310210241429851 0.0274316523084762
"207" 0.228826367045139 0.202720806819206 0.449169731067055 0.842578734611471 0.842578734611471 0.953202054584182 0.953202054584182 0.871742084322869 0.480975102682728
"208" 0.924551127458338 0.921510326632038 0.997217234013034 0.998703297227886 0.998703297227886 0.999999741211682 0.999999741211682 0.995170520058702 0.937809795208111
"209" 0.0441509694790036 0.119871936274551 0.22209203896857 0.805035592407593 0.805035592407593 0.759553084033915 0.759553084033915 0.138382337574329 0.0793869754136873
"210" 0.350075946713888 0.410462983568722 0.741477417241457 0.87018871271031 0.87018871271031 0.999398822122051 0.999398822122051 0.659137302694711 0.289095966611693
"211" 0.145731084482842 0.222734409771386 0.259604770327987 0.707924271306073 0.707924271306073 0.765026852152249 0.765026852152249 0.271124612315131 0.0808832103813911
"212" 0.908914569571531 0.963812575817862 0.95206855726123 0.999525057303064 0.999525057303064 0.999999878494895 0.999999878494895 0.998478874840803 0.939200567412906
"213" 0.789133925962622 0.903677491699842 0.963258395527075 0.998598897738241 0.998598897738241 0.999995764802943 0.999995764802943 0.997525876053562 0.914124665088093
"214" 0.999400074802423 0.999673758556699 0.977632107381337 0.999920480033384 0.999920480033384 0.999997791360099 0.999997791360099 0.999269405681961 0.997858503893697
"215" 0.57338338251634 0.655585394706919 0.671594931595393 0.969268779552069 0.969268779552069 0.975546060455532 0.975546060455532 0.961262265341941 0.773663360692537
"216" 0.996997118715589 0.998652115978784 0.992286922611209 0.999305006943436 0.999305006943436 0.999999910265989 0.999999910265989 0.99950026192353 0.994211306142309
"217" 0.109106279385313 0.138125895369145 0.28415351044467 0.787736301709128 0.787736301709128 0.920645654288693 0.920645654288693 0.756118203479777 0.143856435146551
"218" 0.920351374367774 0.98581085530307 0.980834661148779 0.999224553695746 0.999224553695746 0.999975968058128 0.999975968058128 0.983551512861427 0.922429978385826
"219" 0.0386620082207631 0.138462534502254 0.550791301327006 0.741945943602255 0.741945943602255 0.919888757039073 0.919888757039073 0.497104747494294 0.131004574752208
"220" 0.927441338505746 0.89953739560752 0.997954927517669 0.944808464952604 0.944808464952604 0.999998982889044 0.999998982889044 0.99703633663793 0.926101792597967
"221" 0.181020308689412 0.195506561551018 0.394767268512906 0.798716930382581 0.798716930382581 0.980932047653651 0.980932047653651 0.710136835690492 0.199393079427419
"222" 0.864895722859315 0.95450534322842 0.97412978669021 0.999170668794747 0.999170668794747 0.999998435910858 0.999998435910858 0.997344241945383 0.894461277698227
"223" 0.747955338221275 0.7835988688053 0.97016234744925 0.999457148474765 0.999457148474765 0.999951429512351 0.999951429512351 0.988473666400027 0.871079372258763
"224" 0.782746800436054 0.896459754634606 0.958315442926935 0.997698751945728 0.997698751945728 0.999991830270739 0.999991830270739 0.996826021148234 0.916933809299585
"225" 0.0272219132859649 0.0664367133423979 0.161247022483491 0.465197200399116 0.465197200399116 0.369618513151021 0.369618513151021 0.179051300273169 0.072502134487016
"226" 0.229452154819416 0.32657371245665 0.531069020703362 0.478221110846834 0.478221110846834 0.954590710955259 0.954590710955259 0.68837718138111 0.146274639614965
"227" 0.395738987824459 0.37746681887798 0.600005461154112 0.94709051394165 0.94709051394165 0.99979975849006 0.99979975849006 0.787616106894589 0.442917752472487
"228" 0.935110235355632 0.970307499320628 0.968040590312287 0.999588037862721 0.999588037862721 0.999999772232744 0.999999772232744 0.998513263280464 0.974453102477464
"229" 0.236994621345711 0.395076221823155 0.539313180828718 0.934689223491915 0.934689223491915 0.999704532542998 0.999704532542998 0.87368646249683 0.315050491985008
"230" 0.405381352981143 0.523153205935799 0.605296731017368 0.960349751168941 0.960349751168941 0.9491044647673 0.9491044647673 0.897691977918506 0.650911316617313
"231" 0.536039765039589 0.469622051149673 0.813887561806469 0.973507458627484 0.973507458627484 0.999636158726719 0.999636158726719 0.964521035349706 0.680158748844115
"232" 0.00262356251189587 0.0921718552503096 0.178179644773342 0.643322223350511 0.643322223350511 0.862550229412182 0.862550229412182 0.262699555962519 0.0172420803113495
"233" 0.275338629786312 0.315692271503769 0.549576880545093 0.74993872445616 0.74993872445616 0.889338324042949 0.889338324042949 0.371166521095327 0.249743658914571
"234" 0.968039628869143 0.996978566469757 0.99792121115105 0.997724214203772 0.997724214203772 0.999958982265249 0.999958982265249 0.994820891734553 0.938369132869259
"235" 0.753454569258946 0.721741774334859 0.985170491665496 0.997709352865178 0.997709352865178 0.999921264931117 0.999921264931117 0.993488654938571 0.845440252959247
"236" 0.331290627563761 0.328505900994937 0.659346009595015 0.875594653229288 0.875594653229288 0.999198675146686 0.999198675146686 0.819754082531247 0.471233821572842
"237" 0.097353899441549 0.15825892248829 0.150507675441799 0.556807584442546 0.556807584442546 0.679478401037291 0.679478401037291 0.196503575163424 0.179220286926407
"238" 0.719032932028166 0.802727998892879 0.995907746111329 0.996220141694555 0.996220141694555 0.999988121516968 0.999988121516968 0.979626358940593 0.583292547767711
"239" 0.482522569785963 0.882320428192062 0.947535721729021 0.997046608005394 0.997046608005394 0.999552821926864 0.999552821926864 0.829962129502817 0.706945318593304
"240" 0.484689849233607 0.708268925102125 0.898842657504356 0.996945216284143 0.996945216284143 0.999892679545117 0.999892679545117 0.802083202999078 0.328218572226925
"241" 0.13378822799947 0.144924004920699 0.383272073884717 0.786812179239742 0.786812179239742 0.856977595575605 0.856977595575605 0.236151710067189 0.0758026533340624
"242" 0.67995575004626 0.712030557915361 0.839431452534356 0.998715893818745 0.998715893818745 0.999998333564821 0.999998333564821 0.929072059895971 0.7890155840216
"243" 0.986985416983508 0.99536537074243 0.998831342617837 0.999115094253416 0.999115094253416 0.999999932306754 0.999999932306754 0.999728786909395 0.955404757263845
"244" 0.498498657396609 0.589605378534195 0.721388034907634 0.957871155026262 0.957871155026262 0.964910473761086 0.964910473761086 0.954146266425065 0.75936035484206
"245" 0.997228474649237 0.975901372227697 0.999135551233653 0.999861445403771 0.999861445403771 0.999996020932725 0.999996020932725 0.999183796136954 0.999149816891366
"246" 0.623686257633684 0.595039334749689 0.787045261137329 0.996464234051926 0.996464234051926 0.99998215983427 0.99998215983427 0.910810675870739 0.642778500985786
"247" 0.902458219937316 0.967536718131184 0.975462261792018 0.999589850833244 0.999589850833244 0.999998191726582 0.999998191726582 0.997986930180436 0.940441200571319
"248" 0.0562211991637984 0.10409792515987 0.132611730469852 0.438398446011732 0.438398446011732 0.745330557849298 0.745330557849298 0.459844079478553 0.14094299866548
"249" 0.499167588417195 0.511422462768242 0.809802304844202 0.981354468628113 0.981354468628113 0.999972483700167 0.999972483700167 0.885046470478817 0.619550098168674
"250" 0.474023183723198 0.486810699625179 0.659841482492562 0.997904136423451 0.997904136423451 0.999978656594255 0.999978656594255 0.864511734368126 0.457984244593155
"251" 0.120382651470427 0.118869840946503 0.303113055826437 0.633550101899627 0.633550101899627 0.88530373523329 0.88530373523329 0.690021933559154 0.315758255183093
"252" 0.147450996342958 0.363160619357652 0.860549757564871 0.947276846431942 0.947276846431942 0.99962854294208 0.99962854294208 0.756297985919102 0.248217168980795
"253" 0.4691693580074 0.598826235942027 0.651134904977884 0.943077046273099 0.943077046273099 0.972455030847479 0.972455030847479 0.911823981908201 0.751310189944149
"254" 0.548834683105018 0.639582629580435 0.654694857305752 0.943926731479522 0.943926731479522 0.999055236501844 0.999055236501844 0.973200237062199 0.767814670727021
"255" 0.255415981642177 0.465844673869724 0.849025391459598 0.968117728256128 0.968117728256128 0.999670091186896 0.999670091186896 0.926691225623855 0.387517239426374
"256" 0.644514339507519 0.576263027930198 0.893393485008833 0.993216190396231 0.993216190396231 0.999916517912278 0.999916517912278 0.99453929701332 0.761553684656703
"257" 0.177591067493476 0.170717672295152 0.434893988522546 0.846520531243093 0.846520531243093 0.956847449486593 0.956847449486593 0.685746484246308 0.335770036787081
"258" 0.983529194414773 0.992345093454377 0.999034658923787 0.997980683335699 0.997980683335699 0.999999263124924 0.999999263124924 0.999725776340478 0.955539384268313
"259" 0.232094621797733 0.441308229687377 0.851289196351285 0.964745622299386 0.964745622299386 0.999807280305119 0.999807280305119 0.902838556031998 0.380416918001643
"260" 0.124760619378374 0.142841749636811 0.472331904529805 0.688694245705926 0.688694245705926 0.818452700864521 0.818452700864521 0.3369109211189 0.16794835307448
"261" 0.669976203293242 0.603500291619249 0.880428677340505 0.978462747224583 0.978462747224583 0.999162053212022 0.999162053212022 0.996539534961351 0.791464706978973
"262" 0.877116001124828 0.946292125903431 0.99574403527964 0.999266953813735 0.999266953813735 0.999998110389253 0.999998110389253 0.998539691602056 0.941266893955391
"263" 0.421654323044857 0.438212838258686 0.647373437367399 0.943894475614879 0.943894475614879 0.999988939792172 0.999988939792172 0.811703186547489 0.495869944790507
"264" 0.000552070668119981 0.0752642334532338 0.231275045155342 0.615325324049261 0.615325324049261 0.788087669251199 0.788087669251199 0.212960347610785 0.0106181362833355
"265" 0.725157818077954 0.746309936346492 0.946602344218171 0.998634840572831 0.998634840572831 0.999905857398774 0.999905857398774 0.97195320258883 0.847205510706264
"266" 0.995497053608546 0.995858756340181 0.999286899613232 0.998582783431792 0.998582783431792 0.999988005324794 0.999988005324794 0.99932241248544 0.996278451668083
"267" 0.306251686313947 0.337633372701751 0.650287462605439 0.95184125124588 0.95184125124588 0.96151155416704 0.96151155416704 0.875900886098749 0.524607937755118
"268" 0.293505797123783 0.345765049271241 0.62831538994054 0.931505185230082 0.931505185230082 0.972246149093598 0.972246149093598 0.767082305610187 0.273981497412371
"269" 0.00335540696198577 0.0760650884704285 0.145443172019071 0.68041193263412 0.68041193263412 0.654084655759696 0.654084655759696 0.140164346088763 0.0444937268115434
"270" 0.883639837237629 0.956860598615317 0.971265579642875 0.999247962363251 0.999247962363251 0.999998794923225 0.999998794923225 0.998059655378694 0.908471747597579
"271" 0.58178055859545 0.631608298400738 0.713195232313019 0.969430634961004 0.969430634961004 0.979880781607839 0.979880781607839 0.948199545023826 0.779453126666515
"272" 0.129414067409981 0.201907071907507 0.329939956578871 0.804520746807601 0.804520746807601 0.926522821876914 0.926522821876914 0.64303616591769 0.269993689732551
"273" 0.218699825733669 0.470312976761616 0.709396534964996 0.997008390547641 0.997008390547641 0.999978677753068 0.999978677753068 0.79643954057092 0.325974857858026
"274" 0.966188230345277 0.989027454177258 0.999341877294254 0.999360281132878 0.999360281132878 0.999999984983324 0.999999984983324 0.999079509762733 0.987532637726889
"275" 0.997826240205685 0.998388339686568 0.975691743218967 0.999978570041704 0.999978570041704 0.999996911657527 0.999996911657527 0.999148701021096 0.996640594997848
"276" 0.82783822302817 0.804657506712599 0.917440585197236 0.998964283848132 0.998964283848132 0.99998485353981 0.99998485353981 0.96952727376311 0.875240704959569
"277" 0.350857165703633 0.44862620428982 0.808559521076667 0.974512850821942 0.974512850821942 0.999365151047939 0.999365151047939 0.90195925176412 0.624986809318962
"278" 0.545767295668886 0.604678999529965 0.756361202320865 0.981991349106373 0.981991349106373 0.981405813739536 0.981405813739536 0.971794359690925 0.788425386985939
"279" 0.366435009910707 0.615458156363964 0.771109389654267 0.970144402111042 0.970144402111042 0.99997865274462 0.99997865274462 0.974409022645514 0.649948807727576
"280" 0.0135107499804517 0.0676711761788856 0.14012370955904 0.475452950314588 0.475452950314588 0.744304074550514 0.744304074550514 0.136574632762613 0.0293642023153928
"281" 0.233178667788151 0.229793606655764 0.506961887291109 0.817097834463039 0.817097834463039 0.809170350242622 0.809170350242622 0.63231746127052 0.372125612777522
"282" 0.172313467391836 0.280056481770055 0.433033623216588 0.824320758536054 0.824320758536054 0.972307619013333 0.972307619013333 0.784852131760385 0.231922642616993
"283" 0.210085712490683 0.236626012150091 0.339746048010799 0.818326476923259 0.818326476923259 0.999538024426423 0.999538024426423 0.525279978069493 0.30400917815584
"284" 0.401145135212348 0.464277418532466 0.615272379116231 0.9563835804643 0.9563835804643 0.999829839497283 0.999829839497283 0.81873397293695 0.430942558733052
"285" 0.186498991010194 0.228313732005389 0.333041512729337 0.820688190217547 0.820688190217547 0.943196589171014 0.943196589171014 0.600826459284061 0.272329161798865
"286" 0.0370194182426918 0.00605527214522838 0.0357037839965663 0.279462782902909 0.279462782902909 0.452153497836247 0.452153497836247 0.0535648810633693 0.0289878288392024
"287" 0.991200328231162 0.994916272290064 0.994094744857429 0.997659876702429 0.997659876702429 0.999702182549503 0.999702182549503 0.99449806243199 0.930688129680235
"288" 0.999653426869451 0.998965173416005 0.999653352924397 0.999825087800493 0.999825087800493 0.999994347530213 0.999994347530213 0.999042746341931 0.998169731612009
"289" 0.465508721755443 0.47667598619115 0.782748677918486 0.998808222826454 0.998808222826454 0.950076276566224 0.950076276566224 0.660410446177666 0.545403648626141
"290" 0.313147662172002 0.256758157472795 0.612725157653653 0.846767696287255 0.846767696287255 0.990255350112817 0.990255350112817 0.749374689829434 0.434353480828145
"291" 0.11697715095802 0.0789692263160037 0.523101502548896 0.620002925230868 0.620002925230868 0.826479907493185 0.826479907493185 0.420093965315136 0.0497901050919701
"292" 0.982431194562553 0.996399054180063 0.9979354181685 0.998932404639678 0.998932404639678 0.999999939298324 0.999999939298324 0.999687677792882 0.963088407441049
"293" 0.182479990062439 0.16613454828674 0.414383080091151 0.782450492035512 0.782450492035512 0.924546951127628 0.924546951127628 0.841373520740016 0.331116529449815
"294" 0.558258704710414 0.568153726655506 0.769489504247536 0.978501880886338 0.978501880886338 0.999945188690316 0.999945188690316 0.901072966753641 0.633929057163068
"295" 0.812353608567066 0.805254279138243 0.96891357523602 0.998810371653134 0.998810371653134 0.999984295388584 0.999984295388584 0.991009156436441 0.919931299319853
"296" 0.948800006572346 0.951755173911865 0.999411988620352 0.998322226354163 0.998322226354163 0.999999059529057 0.999999059529057 0.998063551168116 0.972127243128501
"297" 0.968545800811695 0.996928912635081 0.996704258757388 0.999011186313656 0.999011186313656 0.999999948524763 0.999999948524763 0.999639272616202 0.930246515822153
"298" 0.528290328529115 0.609375011408665 0.766453825021238 0.979191446998581 0.979191446998581 0.995080952125495 0.995080952125495 0.974911044563917 0.782242854731462
"299" 0.999711230566665 0.99912743901694 0.999711471625315 0.999830602402838 0.999830602402838 0.999997482697121 0.999997482697121 0.999077067076851 0.998336450804308
"300" 0.0597952394070617 0.230431738535242 0.368663771306719 0.80383012726553 0.80383012726553 0.916042955772507 0.916042955772507 0.339657484441438 0.093231604425641
"301" 0.856976770719868 0.871526896772952 0.948463415723702 0.999360436892072 0.999360436892072 0.999999266232089 0.999999266232089 0.998526298431364 0.908832258233836
"302" 0.589930900248565 0.570888732344375 0.652110328276512 0.66286993253565 0.66286993253565 0.917174408926785 0.917174408926785 0.693038227498553 0.481998426932107
"303" 0.0565559527648564 0.0423421229211876 0.076256928750233 0.36405207418264 0.36405207418264 0.516214688314533 0.516214688314533 0.087325146301186 0.00303152871637578
"304" 0.0938687193709098 0.202858003581949 0.559727349680259 0.91435091222686 0.91435091222686 0.931447534337558 0.931447534337558 0.759516110186729 0.238793687297811
"305" 0.611673349158786 0.621933779043489 0.809234324634103 0.981163370779659 0.981163370779659 0.999937994481403 0.999937994481403 0.972240266068354 0.710156806604869
"306" 0.991632226941631 0.989882460996125 0.99895687881926 0.999769892167568 0.999769892167568 0.999999774006785 0.999999774006785 0.999340397270491 0.988674326799452
"307" 0.842794748127557 0.863911902743265 0.944715221340874 0.999488940218522 0.999488940218522 0.99999820136143 0.99999820136143 0.998014030993233 0.932544829062052
"308" 0.159105068076825 0.138393488670743 0.432734789836651 0.880950423832844 0.880950423832844 0.999236494221012 0.999236494221012 0.705534232916517 0.107217125781284
"309" 0.978836801532872 0.967152496052306 0.983959336776355 0.994000356993827 0.994000356993827 0.999859070458613 0.999859070458613 0.992249873622668 0.916077491540698
"310" 0.646604071492675 0.765431860004604 0.913028021423135 0.998140623530648 0.998140623530648 0.999754521775256 0.999754521775256 0.819413815409779 0.810036467509686
"311" 0.519912637096967 0.513673179704615 0.752582466715168 0.992328276588967 0.992328276588967 0.999658764317973 0.999658764317973 0.939606477667087 0.614700819223292
"312" 0.355178533174071 0.312695131514923 0.669370707094414 0.844896721749174 0.844896721749174 0.898285310998463 0.898285310998463 0.772000760114605 0.408803807682749
"313" 0.368089547458654 0.453942635836574 0.515269279449606 0.942075019869522 0.942075019869522 0.942162559195461 0.942162559195461 0.916413989375871 0.615113099116781
"314" 0.713784911926268 0.649075900190145 0.929348158626192 0.993790838151026 0.993790838151026 0.999532487585028 0.999532487585028 0.952774521894669 0.735386385472417
"315" 0.644381445587612 0.94751935459137 0.993287360354469 0.997223592677984 0.997223592677984 0.999992330036885 0.999992330036885 0.831248272497452 0.538529985691868
"316" 0.195008128052627 0.232539530214048 0.369951209486385 0.731716274497077 0.731716274497077 0.979088187287443 0.979088187287443 0.671759096061913 0.331768947027857
"317" 0.983922787912854 0.993814445805499 0.997225841725529 0.999151970044798 0.999151970044798 0.999999990946427 0.999999990946427 0.99945222562339 0.971745163949916
"318" 0.204972205008776 0.442789573591737 0.771352093824878 0.997242544958522 0.997242544958522 0.999897794704025 0.999897794704025 0.8478325681058 0.367899766158847
"319" 0.0655805768090439 0.0765608849405079 0.458054851941084 0.793473219951465 0.793473219951465 0.927936688676064 0.927936688676064 0.522228676996718 0.0597425711076022
"320" 0.977014708040145 0.963987490267084 0.966170939934706 0.999967256098105 0.999967256098105 0.999999651644888 0.999999651644888 0.998971718500249 0.989946623492274
"321" 0.999895069911795 0.99963087900418 0.990493332609202 0.999968007038436 0.999968007038436 0.999989148076988 0.999989148076988 0.999364399659991 0.999026405832523
"322" 0.0797801283102644 0.152383055371628 0.45189752782645 0.876199399587403 0.876199399587403 0.964970813727463 0.964970813727463 0.554502071823721 0.113689142410161
"323" 0.650923170444254 0.613206449425164 0.878287291471257 0.999340374698481 0.999340374698481 0.999941650809532 0.999941650809532 0.992548976777269 0.657714246458917
"324" 0.487216346183743 0.498265457256487 0.841000085744835 0.970991947289232 0.970991947289232 0.986448528774464 0.986448528774464 0.984777932227006 0.732832439584404
"325" 0.978768312826957 0.991415203161097 0.997549477376332 0.999493136674829 0.999493136674829 0.999999994172627 0.999999994172627 0.999230659443164 0.992603506406126
"326" 0.852383135678255 0.919834404587975 0.93026503051955 0.999666297750283 0.999666297750283 0.999998137611207 0.999998137611207 0.995879292235184 0.961150108484794
"327" 0.314370857402115 0.307604309430266 0.492898482946353 0.778015798803354 0.778015798803354 0.945014659315616 0.945014659315616 0.71031114984728 0.423431526106461
"328" 0.998485248492328 0.978509485910579 0.998849381802902 0.999901246382798 0.999901246382798 0.999993893765821 0.999993893765821 0.999212947210629 0.999738151882134
"329" 0.938929117423511 0.914110522122182 0.984613898325385 0.97292475338767 0.97292475338767 0.999588493208248 0.999588493208248 0.974290520268576 0.91737268960985
"330" 0.878210246855865 0.973566792947188 0.998599308555439 0.999800028941839 0.999800028941839 0.999999815529914 0.999999815529914 0.998727061337728 0.893957064823414
"331" 0.993943793646428 0.99598534183323 0.972545544334142 0.999713553995834 0.999713553995834 0.999999960102048 0.999999960102048 0.999145551176994 0.986113267687847
"332" 0.36755365921711 0.33212564721795 0.581109893980119 0.913219256407157 0.913219256407157 0.919409521861538 0.919409521861538 0.734343632601074 0.41101895212532
"333" 0.0814496156852652 0.483613530037782 0.806083000203691 0.946762523489734 0.946762523489734 0.999411806076676 0.999411806076676 0.877940934910406 0.274586505057511
"334" 0.291223877246537 0.415488649814378 0.490340510000946 0.915366901625207 0.915366901625207 0.977882183953917 0.977882183953917 0.941016697185536 0.586646678711618
"335" 0.999224370144172 0.999101521378868 0.997994581493834 0.999741668290541 0.999741668290541 0.996163720169006 0.996163720169006 0.999621469214862 0.99925545327489
"336" 0.0926567756294154 0.115376231301468 0.323187625348502 0.766256556949415 0.766256556949415 0.916388104338833 0.916388104338833 0.439716049842748 0.0849226846678895
"337" 0.689623567748311 0.625248820152698 0.925097376458859 0.973075207245362 0.973075207245362 0.999283307250293 0.999283307250293 0.956573552348822 0.850339085276251
"338" 0.205679094615163 0.46090198789875 0.77406132437493 0.998525555743273 0.998525555743273 0.999950935835199 0.999950935835199 0.828005961606621 0.375433424714924
"339" 0.198598708962685 0.255964227779803 0.471376793543306 0.843363607230729 0.843363607230729 0.978113051513491 0.978113051513491 0.81732741748867 0.221292150742644
"340" 0.150813116457017 0.168947097636724 0.376804897815614 0.785407015150892 0.785407015150892 0.946724636695914 0.946724636695914 0.690435580689973 0.171760977834491
"341" 0.821965044401298 0.811885292553759 0.888108792515487 0.999536073625644 0.999536073625644 0.999998838450597 0.999998838450597 0.971892938495821 0.910006290298132
"342" 0.999380887397154 0.998584348558433 0.99320962432688 0.999955100575869 0.999955100575869 0.999990469614602 0.999990469614602 0.99937415988297 0.998404239753609
"343" 0.788189385107557 0.756541408498614 0.915280349339855 0.998968926830999 0.998968926830999 0.99997417122533 0.99997417122533 0.914028233655355 0.840106835478674
"344" 0.294334396543339 0.345706156948851 0.541927900118486 0.889561706586725 0.889561706586725 0.970552050324432 0.970552050324432 0.820169656797755 0.260919222680238
"345" 0.00402329918021183 0.114591217155064 0.250815262577315 0.8086336831792 0.8086336831792 0.832865958936069 0.832865958936069 0.181495895116622 0.135721906079074
"346" 0.927054300788025 0.965788480718732 0.998535764131454 0.999267654326982 0.999267654326982 0.999999758516581 0.999999758516581 0.998095142381629 0.949997787642898
"347" 0.448958713220531 0.544704365202975 0.761153263699653 0.965102069716246 0.965102069716246 0.971494327212123 0.971494327212123 0.969735781301551 0.717207943177713
"348" 0.996854948603117 0.998313590371694 0.990967365310388 0.999407043276105 0.999407043276105 0.999999919257215 0.999999919257215 0.999425795033837 0.993713023090834
"349" 0.0218891190006538 0.0554597558441276 0.0786152687143723 0.675796133180013 0.675796133180013 0.666627682454202 0.666627682454202 0.0616027531437934 0.0142209515420983
"350" 0.0907765965304771 0.10411717706772 0.251616024010647 0.682019518969848 0.682019518969848 0.913521564630286 0.913521564630286 0.571841208875874 0.206450046658523
"351" 0.510490464843926 0.443717457101768 0.831192574914066 0.973939308255778 0.973939308255778 0.999454482085086 0.999454482085086 0.986462619448285 0.700828863262175
"352" 0.99889576666597 0.996900845448543 0.998784320428441 0.998604240091495 0.998604240091495 0.999982988376487 0.999982988376487 0.999578991168945 0.995839530497639
"353" 0.869826263624397 0.941773058304987 0.966573443917859 0.99986732118379 0.99986732118379 0.999999834022714 0.999999834022714 0.998693894878831 0.936029340942184
"354" 0.169334024657324 0.194693370930752 0.393456959852768 0.834790005880082 0.834790005880082 0.97822517930874 0.97822517930874 0.700155500002747 0.182583746929706
"355" 0.207969613159741 0.44017131615978 0.421567216447496 0.891316089703484 0.891316089703484 0.957406108128473 0.957406108128473 0.59115995535236 0.260049992463334
"356" 0.0766628602504724 0.0812982631602649 0.30989060818589 0.786518565192396 0.786518565192396 0.940286091861373 0.940286091861373 0.480081398977041 0.114103923295466
"357" 0.0832631192820406 0.158749725732476 0.339771771320229 0.817866118240932 0.817866118240932 0.983263530552687 0.983263530552687 0.770983696528689 0.369140541850112
"358" 0.996350816636917 0.998916968242383 0.993144696300734 0.999204454638933 0.999204454638933 0.999999542095319 0.999999542095319 0.999599363973312 0.990377945510676
"359" 0.231266690932195 0.263560682863616 0.544916395425528 0.813136081104154 0.813136081104154 0.999462757417968 0.999462757417968 0.715227787013057 0.42160216405623
"360" 0.674916804091909 0.624184838672709 0.902163792386873 0.977702333892087 0.977702333892087 0.999890083691058 0.999890083691058 0.99533922196032 0.752253950037057
"361" 0.591163435358912 0.772293173452685 0.954591636141587 0.966390050222817 0.966390050222817 0.998982985255577 0.998982985255577 0.887569977002636 0.502640722269119
"362" 0.382535725424457 0.731601305540555 0.825159849656561 0.994663937561414 0.994663937561414 0.929274717375604 0.929274717375604 0.815028953131903 0.297403473459572
"363" 0.051847003576456 0.0617279718980632 0.121025451378677 0.253076599692265 0.253076599692265 0.447308787969757 0.447308787969757 0.340678739940102 0.148054117832798
"364" 0.992907285288721 0.994503724435326 0.98223222757576 0.99972409960424 0.99972409960424 0.999999961858129 0.999999961858129 0.99912614271031 0.977025539746946
"365" 0.908084263923117 0.989481834824603 0.994859065920396 0.999379921113501 0.999379921113501 0.999999133448207 0.999999133448207 0.998610881381599 0.98668344119945
"366" 0.98480341778766 0.990948378152525 0.988026671012923 0.999722513267639 0.999722513267639 0.999999732039083 0.999999732039083 0.998872433594967 0.971121686336112
"367" 0.998940857563678 0.998812309204894 0.992698731934923 0.999233240094943 0.999233240094943 0.999998702524487 0.999998702524487 0.999587482595598 0.990900847778349
"368" 0.887175220879924 0.940987525415527 0.992826291842424 0.999234004694739 0.999234004694739 0.999998950040762 0.999998950040762 0.998185611823092 0.943360900521382
"369" 0.636641002707438 0.694291334723676 0.876127901233161 0.833702257228499 0.833702257228499 0.999729098592172 0.999729098592172 0.815217672209276 0.564115761735027
"370" 0.849153892617326 0.867697208814698 0.956236270878981 0.998416665708245 0.998416665708245 0.999999772973108 0.999999772973108 0.918391229562454 0.786378520960299
"371" 0.986511718001651 0.98863589583778 0.998889094692528 0.999619469676322 0.999619469676322 0.999998981784491 0.999998981784491 0.999559426995906 0.991026243401265
"372" 0.832099383962429 0.833748287239671 0.972394591298651 0.999590388478363 0.999590388478363 0.999968345754855 0.999968345754855 0.977817797639988 0.916078986093472
"373" 0.791200519926145 0.700199664928058 0.940687013808678 0.980335557019129 0.980335557019129 0.999836940792182 0.999836940792182 0.997707946217888 0.883295677753257
"374" 0.998382179243644 0.999344516859747 0.976010693937023 0.999977412790851 0.999977412790851 0.9999988382633 0.9999988382633 0.999180164742192 0.997176320775225
"375" 0.903598385153813 0.972643344419742 0.974197222313744 0.99904325754941 0.99904325754941 0.999995704547855 0.999995704547855 0.998272169795023 0.958872043662721
"376" 0.999287296646535 0.998664043833699 0.999440391788398 0.999635765541353 0.999635765541353 0.999994865836598 0.999994865836598 0.999084422622914 0.999056895732328
"377" 0.997211115834326 0.994493904363486 0.999024872470395 0.998864302685973 0.998864302685973 0.999958081344708 0.999958081344708 0.999005423403036 0.995287875671071
"378" 0.998209873012699 0.998752544927396 0.98734154861709 0.999507914275205 0.999507914275205 0.999999222323005 0.999999222323005 0.999426341159122 0.99544817893035
"379" 0.997162280610272 0.99918899413002 0.974307914827472 0.99997830991955 0.99997830991955 0.999990569200107 0.999990569200107 0.999147715912814 0.996393162373379
"380" 0.999401209792392 0.998604314583698 0.999614860705443 0.999926638747122 0.999926638747122 0.999994513947235 0.999994513947235 0.999066387751911 0.998358770195687
"381" 0.866236522156086 0.838566129370905 0.953667338391913 0.998807256502807 0.998807256502807 0.999983920934817 0.999983920934817 0.992433609184502 0.891904241767367
"382" 0.950487959267185 0.961121302973074 0.993612916776431 0.999238171285218 0.999238171285218 0.999973516658779 0.999973516658779 0.973788620352341 0.936351012791515
"383" 0.736166171606117 0.639442172383955 0.87605776520476 0.997830701537833 0.997830701537833 0.999861341710386 0.999861341710386 0.997249235062318 0.823106598275004
"384" 0.999918031570696 0.99924347269803 0.999419017613766 0.999661495152697 0.999661495152697 0.999984711965502 0.999984711965502 0.998916950662814 0.999278022343491
"385" 0.998320929615115 0.993413129297337 0.99948740033262 0.999038307978402 0.999038307978402 0.99999686041932 0.99999686041932 0.999725681069236 0.995637213697624
"386" 0.103320966448121 0.232831400213627 0.636795190732456 0.897815589247181 0.897815589247181 0.972471138952627 0.972471138952627 0.777433933262657 0.266991939253204
"387" 0.0328165474851261 0.125930288751632 0.367708461478704 0.821436230169708 0.821436230169708 0.899864530036158 0.899864530036158 0.507278041467578 0.0967083845253166
"388" 0.585857099279006 0.657834175444942 0.857983838148077 0.969242557767348 0.969242557767348 0.999894597103304 0.999894597103304 0.888060007686918 0.639553649550907
"389" 0.92603229306601 0.986393216728872 0.982495926520086 0.999043801384029 0.999043801384029 0.999912936183956 0.999912936183956 0.989649784614836 0.938176408522195
"390" 0.0952571402513698 0.222365239183453 0.644181543407428 0.88631902200256 0.88631902200256 0.968822228769728 0.968822228769728 0.77501474766194 0.267016019812087
"391" 0.999728166486061 0.999726241936852 0.999900984822193 0.999896048949406 0.999896048949406 0.99999701388888 0.99999701388888 0.999227155363291 0.997570435951984
"392" 0.999237017065817 0.999083945173089 0.998286060662535 0.999767980504861 0.999767980504861 0.980716941025213 0.980716941025213 0.999609049458924 0.999290634184976
"393" 0.229461095486954 0.316054107867791 0.491005032548174 0.856699691876874 0.856699691876874 0.999820507629624 0.999820507629624 0.792741790468856 0.303624992068647
"394" 0.844657047265247 0.83481668835744 0.965237383954178 0.999298995115104 0.999298995115104 0.999995608048799 0.999995608048799 0.983260688099948 0.907130457320254
"395" 0.999873982953415 0.999583980178454 0.989555051927921 0.999977115957625 0.999977115957625 0.999996456605234 0.999996456605234 0.999359381274467 0.998938317123646
"396" 0.122770021104696 0.0962788409887159 0.372722067961591 0.867053742607317 0.867053742607317 0.871915331585277 0.871915331585277 0.74532684497239 0.133028955736424
"397" 0.363855111188942 0.368865299340128 0.638520829089613 0.902664563550418 0.902664563550418 0.999458456687236 0.999458456687236 0.835500698723763 0.52183074450225
"398" 0.217971513139362 0.267976069328242 0.581217169820287 0.876538626924461 0.876538626924461 0.973855938510416 0.973855938510416 0.694073170503345 0.243839053665927
"399" 0.615874006231487 0.603218752167867 0.78933969013546 0.99876912506669 0.99876912506669 0.999991895970657 0.999991895970657 0.946776934675922 0.672062583962968
"400" 0.432836945877448 0.47609500925949 0.566027639401633 0.924513374727864 0.924513374727864 0.944962489436653 0.944962489436653 0.885332889891463 0.615902295123605
"401" 0.998409275732967 0.998458837964663 0.985448666509216 0.999701331126588 0.999701331126588 0.999999996459585 0.999999996459585 0.999248065741985 0.99521053771315
"402" 0.662348165678682 0.697713034003328 0.835027225191049 0.999539389260259 0.999539389260259 0.9999582821664 0.9999582821664 0.988747692315423 0.749560660119456
"403" 0.99838314933874 0.999299758882323 0.980215836249291 0.99967519711216 0.99967519711216 0.999998924255758 0.999998924255758 0.999380251446741 0.996889609726176
"404" 0.855958118860663 0.911336943438324 0.967771167922102 0.999620268228875 0.999620268228875 0.999999609800807 0.999999609800807 0.998446816967377 0.759339039393201
"405" 0.999486782508356 0.998186901114785 0.999051220363329 0.999814508618829 0.999814508618829 0.999856037070956 0.999856037070956 0.999509540542989 0.999169993070242
"406" 0.872107121475807 0.97019514939027 0.995969487001092 0.999955413265694 0.999955413265694 0.999999435983274 0.999999435983274 0.99877193629088 0.912904513811965
"407" 0.943026320120872 0.991409335068835 0.997798528095821 0.998526510452181 0.998526510452181 0.999986539366818 0.999986539366818 0.995067259810149 0.93377543384877
"408" 0.805486643611396 0.794535228699041 0.97089286558006 0.999175463191503 0.999175463191503 0.99998119863979 0.99998119863979 0.994157736060552 0.926353447295884
"409" 0.618642513125615 0.58765277525767 0.885033540419452 0.973124603639412 0.973124603639412 0.997694297645669 0.997694297645669 0.993868537483751 0.804168973559377
"410" 0.991797362411563 0.980830199808189 0.994266553197725 0.995241405062213 0.995241405062213 0.999990502961355 0.999990502961355 0.996144305803321 0.985210559219689
"411" 0.341866765567052 0.398665322909398 0.674423244943301 0.959880744762078 0.959880744762078 0.999822078366898 0.999822078366898 0.820400997229539 0.281048394110144
"412" 0.998792961442129 0.998754205824295 0.99300611680541 0.999911869460847 0.999911869460847 0.999976725474213 0.999976725474213 0.999491832926753 0.998759700671527
"413" 0.234951728944889 0.286503281392185 0.616571278996206 0.805742768012225 0.805742768012225 0.925299965018108 0.925299965018108 0.499108604471875 0.301912367099576
"414" 0.0315133449257307 0.108524605202149 0.265201008356963 0.732893727068251 0.732893727068251 0.870727332082755 0.870727332082755 0.176553809135612 0.105414319757769
"415" 0.278151561168572 0.276907305467163 0.540944910401339 0.850786508203429 0.850786508203429 0.970815189848214 0.970815189848214 0.793100810077758 0.411237909263238
"416" 0.400909063111961 0.420320298296844 0.768851328576231 0.921713505194194 0.921713505194194 0.999589880830937 0.999589880830937 0.798425624249473 0.615505183569655
"417" 0.0704198127464823 0.0839762720185425 0.162455826136066 0.531311836716563 0.531311836716563 0.920218300828972 0.920218300828972 0.529778347899664 0.119440584397867
"418" 0.338256559969539 0.552413504658914 0.793541780569929 0.997621850443113 0.997621850443113 0.999932331028531 0.999932331028531 0.938797973605631 0.420061867669193
"419" 0.54832001421272 0.555025293831572 0.890043629249112 0.961829491004772 0.961829491004772 0.961208124048503 0.961208124048503 0.979027081887948 0.810994471480673
"420" 0.998744707716357 0.998885508994056 0.987153999120191 0.999521724011652 0.999521724011652 0.999999786469696 0.999999786469696 0.999411473450942 0.995267829294166
"421" 0.819436426806864 0.957251514226131 0.996312382843834 0.999486945935941 0.999486945935941 0.999993168854824 0.999993168854824 0.998134074695109 0.913985820652716
"422" 0.97162097037534 0.987905273389458 0.999175561075879 0.998213435531859 0.998213435531859 0.999999536805909 0.999999536805909 0.999514448276822 0.967637864181616
"423" 0.355220468781416 0.41846031546121 0.613821600409547 0.953924559478607 0.953924559478607 0.952754189096449 0.952754189096449 0.938551741254843 0.663458250903883
"424" 0.999323893418554 0.999427612057756 0.999840865815291 0.999513915446017 0.999513915446017 0.999994993072019 0.999994993072019 0.998952056009713 0.997097541843101
"425" 0.789024092979403 0.652832526236688 0.709772148923301 0.669808737633198 0.669808737633198 0.999965617837976 0.999965617837976 0.732393999214536 0.481293713148955
"426" 0.637660421830098 0.947299303345486 0.993188937705994 0.997472130153443 0.997472130153443 0.999658379585359 0.999658379585359 0.848826754361308 0.642352032650247
"427" 0.299099153128161 0.431858026635801 0.538555444136182 0.908518329887559 0.908518329887559 0.966271404940797 0.966271404940797 0.898286936029106 0.628595626075485
"428" 0.999481599918025 0.99647478540962 0.998465762621117 0.998846167938435 0.998846167938435 0.999983487104942 0.999983487104942 0.997990284055843 0.996247040748307
"429" 0.983984539518016 0.99566600431869 0.998769795600904 0.999371351561375 0.999371351561375 0.99999977921253 0.99999977921253 0.999833855277609 0.988292221086554
"430" 0.219674400920496 0.2481831665076 0.430605732468175 0.764600160210839 0.764600160210839 0.98166447779842 0.98166447779842 0.643975152795698 0.337890295318343
"431" 0.0210217340279091 0.138465640710968 0.337145259561245 0.799513616989736 0.799513616989736 0.768971986158904 0.768971986158904 0.386180362256421 0.177234883705004
"432" 0.448168718944425 0.571841979615931 0.60765406374155 0.939658176283896 0.939658176283896 0.96201516394643 0.96201516394643 0.951018480427212 0.652774122449855
"433" 0.238392746189275 0.299971545708556 0.472446871182469 0.860754032621508 0.860754032621508 0.999898005594224 0.999898005594224 0.801175141594958 0.30608442084589
"434" 0.245151167196469 0.345795690454389 0.532923091312782 0.810220539581298 0.810220539581298 0.959838604152885 0.959838604152885 0.93315066140966 0.526138195546337
"435" 0.0848497935086647 0.11315162986027 0.204213520830832 0.571930102606605 0.571930102606605 0.667832258547227 0.667832258547227 0.224560525306905 0.108740429063311
"436" 0.0767394060986512 0.123565337746284 0.150148317908708 0.58081896087287 0.58081896087287 0.68310879692901 0.68310879692901 0.237761067478508 0.114939866368927
"437" 0.0286908692288511 0.0979146903748819 0.311787141845257 0.638636694578167 0.638636694578167 0.844814172508986 0.844814172508986 0.301716692649503 0.0293474395043119
"438" 0.783249917191172 0.916907531592002 0.994109066773915 0.999659978446453 0.999659978446453 0.999979642123386 0.999979642123386 0.97912134998432 0.922532157737836
"439" 0.224385364375877 0.314943820506417 0.417739442227109 0.848173361805289 0.848173361805289 0.977015325778381 0.977015325778381 0.765958384809113 0.257945121502995
"440" 0.761774797250854 0.723691078674577 0.970694619024397 0.997318292860784 0.997318292860784 0.999767627795428 0.999767627795428 0.9961249915938 0.857325109130739
"441" 0.999683032624845 0.999771160694695 0.999737902280178 0.999471781834996 0.999471781834996 0.999994531543903 0.999994531543903 0.999520333924278 0.99760295186722
"442" 0.943691811928077 0.993338283342145 0.999322922597238 0.999394404691208 0.999394404691208 0.999996949278557 0.999996949278557 0.999319141784228 0.946685127457364
"443" 0.690018512348794 0.647669689046505 0.564916804071912 0.6332585483204 0.6332585483204 0.999724135007003 0.999724135007003 0.773334952706554 0.476289896945685
"444" 0.674236876284904 0.587276826477339 0.885952578648706 0.983253586342014 0.983253586342014 0.998526016661388 0.998526016661388 0.944192418881302 0.700741888134316
"445" 0.148959832533416 0.183370999527523 0.395380404180792 0.786510906572287 0.786510906572287 0.972966953249474 0.972966953249474 0.637245596466512 0.274785703086082
"446" 0.390319655296194 0.421711494852086 0.908853457086405 0.88229287081516 0.88229287081516 0.999849160323558 0.999849160323558 0.712414242078061 0.252587435195929
"447" 0.116876982887024 0.293512033379669 0.504857400144531 0.892087567835414 0.892087567835414 0.950214314641103 0.950214314641103 0.628583302518567 0.140950331663291
"448" 0.076438364716101 0.104642378398021 0.255180509374607 0.789205312885258 0.789205312885258 0.937825741257957 0.937825741257957 0.487319697856806 0.0862999976844354
"449" 0.998298237014086 0.998957688433641 0.999224853448703 0.999961965199575 0.999961965199575 0.999928354858761 0.999928354858761 0.99960430923934 0.999635158188186
"450" 0.0680676115859597 0.068819961213455 0.4057774629433 0.681675325308736 0.681675325308736 0.936516838522783 0.936516838522783 0.238304498603864 0.0549219810967109
"451" 0.00702616586158983 0.00566443589527179 0.205409397482017 0.404802047650805 0.404802047650805 0.333983755452426 0.333983755452426 0.239833053063014 0.0457953749807238
"452" 0.996251258360218 0.987950371286692 0.999283338842573 0.998757297134094 0.998757297134094 0.999994809598329 0.999994809598329 0.99927785917666 0.994235057669748
"453" 0.999727208243115 0.999067852338466 0.999374524561275 0.999605356532499 0.999605356532499 0.999995299535327 0.999995299535327 0.998930970743488 0.999079418997631
"454" 0.940803113503043 0.992943278139862 0.999381521482696 0.999263883901355 0.999263883901355 0.999997450510573 0.999997450510573 0.99825123871941 0.945014142160253
"455" 0.98423874029161 0.994557400025768 0.985977963163193 0.999815916971978 0.999815916971978 0.999998011460555 0.999998011460555 0.998938852283397 0.973196645914361
"456" 0.999133674705366 0.998233101060193 0.99962089456407 0.999944326342304 0.999944326342304 0.999998810624927 0.999998810624927 0.99897465388035 0.998228867033347
"457" 0.207654056922867 0.312233692814715 0.51271721083909 0.878567086216538 0.878567086216538 0.999664198794452 0.999664198794452 0.640933412954144 0.279198828029997
"458" 0.75838840023052 0.685681281424545 0.901608222671075 0.974545409457235 0.974545409457235 0.999919083507607 0.999919083507607 0.975273478904199 0.869723444219472
"459" 0.995102083429433 0.991228416650005 0.998783950861787 0.998184299458638 0.998184299458638 0.999977050950178 0.999977050950178 0.998542956250864 0.993483936753283
"460" 0.606279248084278 0.622260577856262 0.815214411975689 0.982678573833697 0.982678573833697 0.99998745184411 0.99998745184411 0.964683770518019 0.707680806202972
"461" 0.924995325410412 0.981123197154666 0.98237158811592 0.999254073928007 0.999254073928007 0.999949274676732 0.999949274676732 0.973320572403554 0.926955368031312
"462" 0.444709222346715 0.531776851472947 0.788715244513967 0.963473108760574 0.963473108760574 0.999934770471807 0.999934770471807 0.671233551159859 0.398673001770803
"463" 0.996606276329813 0.991023600381167 0.997174611440437 0.997159965098896 0.997159965098896 0.999971554612013 0.999971554612013 0.998564766422806 0.993446846848228
"464" 0.403055934297397 0.579870879762769 0.74923044742105 0.969340382315137 0.969340382315137 0.999777779951788 0.999777779951788 0.951569856233504 0.537866406453975
"465" 0.0840659909677095 0.0327321001805143 0.137724748571354 0.509727495132344 0.509727495132344 0.594839315542587 0.594839315542587 0.213436906131595 0.0263906658024105
"466" 0.953353495955175 0.935964256758849 0.998387940644259 0.998971434428416 0.998971434428416 0.999999914419302 0.999999914419302 0.998267500991941 0.961477294586226
"467" 0.999456162460683 0.997561174593215 0.999538153697049 0.999067846483196 0.999067846483196 0.999998815622236 0.999998815622236 0.999409249007351 0.99583692836136
"468" 0.636491840624308 0.864642327542589 0.993629798333107 0.998561970763937 0.998561970763937 0.999978461333562 0.999978461333562 0.937346754979003 0.796294854570821
"469" 0.448817606769371 0.573880871869869 0.757305463762039 0.909655906848736 0.909655906848736 0.999285188616676 0.999285188616676 0.694236768168084 0.372903666371598
"470" 0.943102810201178 0.993533462462254 0.999481076479039 0.999133743188818 0.999133743188818 0.99999966916828 0.99999966916828 0.998607551972247 0.949102876730236
"471" 0.337581450871071 0.351303551040378 0.700207629865076 0.812899587754125 0.812899587754125 0.957555042727449 0.957555042727449 0.413849672688998 0.383106609884098
"472" 0.982888073045867 0.99146565453502 0.980889679638015 0.998171306166429 0.998171306166429 0.99998172374728 0.99998172374728 0.998304337438921 0.926384171095683
"473" 0.170241811936083 0.377723117775585 0.693371846310055 0.926471015471903 0.926471015471903 0.999737978703308 0.999737978703308 0.813466299578241 0.232367584277375
"474" 0.991855355947067 0.976402137541098 0.98638723316869 0.990176797070257 0.990176797070257 0.999999299908541 0.999999299908541 0.99539383786969 0.984980609346945
"475" 0.999703839934673 0.99934139712622 0.999915273870089 0.999741438125252 0.999741438125252 0.999999260182545 0.999999260182545 0.999303830504208 0.99758464732571
"476" 0.999608709878116 0.998987641206328 0.99982690420291 0.999174425304922 0.999174425304922 0.999994712416752 0.999994712416752 0.999133129076755 0.996594690652013
"477" 0.400173424080591 0.49512840850816 0.780500915945367 0.997058850784449 0.997058850784449 0.999870248162672 0.999870248162672 0.869346083776133 0.429293867920007
"478" 0.799853666436195 0.831167324502894 0.912761151440666 0.998531610298339 0.998531610298339 0.999921108373561 0.999921108373561 0.91150336594458 0.697306761670023
"479" 0.998501225042624 0.99859998031778 0.995895794943515 0.999941230696808 0.999941230696808 0.999999268207404 0.999999268207404 0.999548554198416 0.999129603396103
"480" 0.895044794087934 0.963096665820184 0.995782829820547 0.999538249866077 0.999538249866077 0.999999177392195 0.999999177392195 0.998692244276638 0.975623186703209
"481" 0.992331105634116 0.994575819845512 0.976804610850718 0.99992380299146 0.99992380299146 0.999998375131134 0.999998375131134 0.999060801993286 0.99506895769927
"482" 0.397727500532743 0.493718939245433 0.749911919932354 0.997254660318079 0.997254660318079 0.999495951277226 0.999495951277226 0.872543517660821 0.507981275237603
"483" 0.0796930736042486 0.0841825167626041 0.330680494936244 0.802336126638506 0.802336126638506 0.93487670005033 0.93487670005033 0.485197723834001 0.109358496982839
"484" 0.40803077331828 0.488454865698728 0.759051702390352 0.997589725480869 0.997589725480869 0.999641474147435 0.999641474147435 0.882186693990875 0.556175958359389
"485" 0.989836700955546 0.98223222204763 0.990826399387473 0.992278381911577 0.992278381911577 0.99997476354598 0.99997476354598 0.99547053661631 0.986732496708371
"486" 0.0640372843472097 0.0961142136860123 0.595507859926578 0.803154588387622 0.803154588387622 0.889127097527125 0.889127097527125 0.579037143719264 0.127738017756486
"487" 0.977195932471362 0.99553130983728 0.984982188300856 0.999811207621199 0.999811207621199 0.999996462164553 0.999996462164553 0.998946491207649 0.986277878190647
"488" 0.389055199838988 0.448058924735388 0.628980132249877 0.948491952669658 0.948491952669658 0.957968821971689 0.957968821971689 0.940505983086693 0.660124477497393
"489" 0.144507465690102 0.202261540801614 0.408558287298695 0.823246818540608 0.823246818540608 0.938953241471361 0.938953241471361 0.656556039772379 0.28401147116524
"490" 0.364341932698514 0.495834352170192 0.806579683920246 0.95856809028762 0.95856809028762 0.999960508621664 0.999960508621664 0.898369009122431 0.489545682710708
"491" 0.324123595771023 0.419485217951687 0.808193940675974 0.995825330517324 0.995825330517324 0.999357509335745 0.999357509335745 0.915546058416826 0.526063223396476
"492" 0.969633665741977 0.973714501302946 0.999159487105031 0.999715678278221 0.999715678278221 0.999999961307486 0.999999961307486 0.999094922869045 0.965408116329873
"493" 0.919476455963868 0.98480104154688 0.982686189044055 0.999046908111347 0.999046908111347 0.999971829382619 0.999971829382619 0.982872838772216 0.922120283164415
"494" 0.498838700382229 0.594986029339508 0.770985326073314 0.970230233106362 0.970230233106362 0.982281259978418 0.982281259978418 0.97431029565848 0.761577393307401
"495" 0.590308551120672 0.669199738340331 0.872265547175473 0.984471539041799 0.984471539041799 0.999958364279644 0.999958364279644 0.907180937656776 0.648367741646629
"496" 0.999044594227974 0.999138676462 0.977600603254141 0.999788157864131 0.999788157864131 0.999999895559957 0.999999895559957 0.999289740165136 0.996886120908416
"497" 0.998966361536828 0.999494353110756 0.997476925857314 0.999723858533175 0.999723858533175 0.999319731450272 0.999319731450272 0.999638954974398 0.999031522744924
"498" 0.329936955848959 0.362014991519426 0.503634464595095 0.880084734726756 0.880084734726756 0.999887493579955 0.999887493579955 0.767136038975127 0.467762717000757
"499" 0.163004988546671 0.503373984428179 0.796244737427665 0.998044294905684 0.998044294905684 0.999984091384152 0.999984091384152 0.860114268457161 0.350703639195404
"500" 0.99885264333694 0.998876290023336 0.992859706016517 0.999912710834707 0.999912710834707 0.999986948420216 0.999986948420216 0.999477990456354 0.998735074019697
"501" 0.582391204531108 0.539179326662229 0.849033289962798 0.975865846548265 0.975865846548265 0.999651066969798 0.999651066969798 0.909303101528077 0.676531222584396
"502" 0.49283526513311 0.54344834334936 0.866000946050364 0.971321362469599 0.971321362469599 0.997344589604898 0.997344589604898 0.969585598506204 0.771817151666605
"503" 0.509239039870431 0.788603844496214 0.896497330742775 0.965636256086519 0.965636256086519 0.999974346475639 0.999974346475639 0.952783784040139 0.702051379039775
"504" 0.99665968888511 0.991632120672637 0.998799067422011 0.999387843013576 0.999387843013576 0.99995087058258 0.99995087058258 0.999235772565247 0.991667787736457
"505" 0.0668963496598465 0.104998918834609 0.151856989960342 0.642331761502382 0.642331761502382 0.926042668656306 0.926042668656306 0.475620647253863 0.108137110153908
"506" 0.367450799147025 0.443472657943799 0.664752210655454 0.839490913153804 0.839490913153804 0.843746681879766 0.843746681879766 0.719762953589643 0.446798787196723
"507" 0.867673744092592 0.873880675869944 0.993026757034711 0.998971848434425 0.998971848434425 0.999993338564558 0.999993338564558 0.976147408398181 0.86809958615959
"508" 0.906325366012516 0.91027539470393 0.996140067232878 0.998140401407445 0.998140401407445 0.999999338074531 0.999999338074531 0.968670676216255 0.924045174456964
"509" 0.706564200499971 0.681986860577216 0.942624253505437 0.995130389330244 0.995130389330244 0.999936803329445 0.999936803329445 0.965998283641203 0.781448018802002
"510" 0.963606103073387 0.97966069690729 0.978126460249594 0.998810723062641 0.998810723062641 0.99992852362932 0.99992852362932 0.992633044083566 0.956420380873468
"511" 0.299005668722039 0.490915417784751 0.736187376744093 0.995332401748917 0.995332401748917 0.973812133976087 0.973812133976087 0.857854402212192 0.364977955612357
"512" 0.998308999186773 0.979073228607226 0.977145861465644 0.999901609907657 0.999901609907657 0.999999775238314 0.999999775238314 0.999167036828046 0.997076665721116
"513" 0.970205769400376 0.994780491109681 0.999050624357333 0.999257535152078 0.999257535152078 0.999999175407047 0.999999175407047 0.999302028563425 0.98031779178254
"514" 0.386677292081485 0.404702151761465 0.79250350389928 0.975970284108738 0.975970284108738 0.953513316632642 0.953513316632642 0.866953360064764 0.524162209836743
"515" 0.998517507185809 0.990297377710051 0.976481885140687 0.999886960149251 0.999886960149251 0.999999825018939 0.999999825018939 0.999192648355454 0.997144950259747
"516" 0.999537748675929 0.99931714117284 0.999794607564446 0.999954361717939 0.999954361717939 0.999993968785556 0.999993968785556 0.999162285574038 0.998207343874735
"517" 0.998487249757687 0.99898611674007 0.984492325770794 0.999592544489476 0.999592544489476 0.999999760290712 0.999999760290712 0.999377663429529 0.995843335096189
"518" 0.999357704545971 0.998310617653733 0.995707767496656 0.999908224741258 0.999908224741258 0.999999504608114 0.999999504608114 0.999417313038991 0.998577479883115
"519" 0.701707787929579 0.545571048528224 0.577222505428559 0.745733773094155 0.745733773094155 0.999790589629352 0.999790589629352 0.733596917882805 0.430455302140311
"520" 0.979824084043037 0.964545407482055 0.974550248911465 0.999966797013777 0.999966797013777 0.999999685631486 0.999999685631486 0.99898575854201 0.991410363918039
"521" 0.602153363404374 0.555488114728303 0.863081367241528 0.974299597277648 0.974299597277648 0.977505269369555 0.977505269369555 0.973718921998124 0.802453738624924
"522" 0.27643532393145 0.254398971147836 0.506892069275067 0.897392140654902 0.897392140654902 0.999087067338692 0.999087067338692 0.695200767615346 0.384940657382176
"523" 0.465802697473019 0.830751644954796 0.957513758847055 0.997670414315474 0.997670414315474 0.99994612812458 0.99994612812458 0.789378888934461 0.565431690692756
"524" 0.208469239536949 0.255359402705136 0.490023643844385 0.787014053441947 0.787014053441947 0.913089281245413 0.913089281245413 0.626530549709795 0.328937105222302
"525" 0.362271434673954 0.386328761696632 0.745948180807675 0.889432420450391 0.889432420450391 0.999849398609968 0.999849398609968 0.814912638900901 0.552457634393787
"526" 0.155664991800803 0.075878129288527 0.14524949444164 0.230797450152466 0.230797450152466 0.605515460984325 0.605515460984325 0.335868823268147 0.109184663980603
"527" 0.00048339559398451 0.000177858180182739 8.97347266357586e-06 1.20838489464064e-05 1.20838489464064e-05 0.0199467411918189 0.0199467411918189 0.00910140818762806 5.42908548725816e-05
"528" 0 0 0 0.110427803024795 0.110427803024795 0.113614767818958 0.113614767818958 8.48411301458686e-05 3.10008732188464e-05
"529" 0.358318649388211 0.419248302638538 0.302292118853786 0.51552097196103 0.51552097196103 0.880012418096637 0.880012418096637 0.522866170943409 0.42944855387588
"530" 0.587617170639269 0.659882388781844 0.568969900930197 0.841933659799628 0.841933659799628 0.958126889874821 0.958126889874821 0.74653260407172 0.610616748840791
"531" 0.625274709911079 0.727010184651449 0.506050959554804 0.812483813416603 0.812483813416603 0.965901575757393 0.965901575757393 0.736058778970336 0.627393966308755
"532" 0.0951021868542377 0.20954595376602 0.0897504494481775 0.599417669856606 0.599417669856606 0.781283803637211 0.781283803637211 0.393717144491856 0.121941553669239
"533" 0 0.0134739588811906 0 0.295636627976113 0.295636627976113 0.17073471128513 0.17073471128513 0.0209920464664624 0.00982437120723791
"534" 0.339706583930337 0.469008275755296 0.350301797489012 0.745249737834685 0.745249737834685 0.931327785002362 0.931327785002362 0.602893794537923 0.418665591277316
"535" 0.592220551274518 0.661176231548331 0.676381868249753 0.939389185461857 0.939389185461857 0.975156751218187 0.975156751218187 0.809145983463664 0.658859715513866
"536" 0.243621554741482 0.338176290725609 0.298135570458152 0.513921221203004 0.513921221203004 0.865787305623904 0.865787305623904 0.487412511440265 0.329005579108748
"537" 0.825452345843612 0.814696424514902 0.812144058050895 0.970989338460172 0.970989338460172 0.999925474784408 0.999925474784408 0.934695619551646 0.833254070194451
"538" 0.0322279917857343 0.0294637524383011 0.0447211156549467 0.375323878296469 0.375323878296469 0.339428094934373 0.339428094934373 0.0534298522481063 0.00878283709970702
"539" 0.11440024097327 0.157049115938916 0.110766267912476 0.427475673780877 0.427475673780877 0.71515930691296 0.71515930691296 0.189212545842735 0.0585893122565415
"540" 0.107791795725157 0.147610727978633 0.107581571212474 0.453108529251893 0.453108529251893 0.765573555660496 0.765573555660496 0.204119128541523 0.0493880869941579
"541" 0.825439818561874 0.817955530386223 0.838164323744245 0.981850049908636 0.981850049908636 0.999891490801759 0.999891490801759 0.951309070631274 0.87557142478716
"542" 0.0201553327772627 0.0305710352387989 0.0240439348928126 0.0422438218911755 0.0422438218911755 0.534225349492067 0.534225349492067 0.220466742816979 0.0790815074043188
"543" 0.00163284055095966 0.00434995377612669 0.000386791678854938 0.0640241285876715 0.0640241285876715 0.161464488124325 0.161464488124325 0.0017511324768155 0.00239423472510926
"544" 0.000207909724990757 0.0182770429105085 0.0157950780261283 0.113618889848423 0.113618889848423 0.391276414736776 0.391276414736776 0.0563392426139366 0.00908126080881595
"545" 0 0 0 0.0148045516923908 0.0148045516923908 0.00705741618208883 0.00705741618208883 0.00771331642123868 0.0109674907879237
"546" 0.840581143915212 0.78826259796306 0.734064699862146 0.929972181911021 0.929972181911021 0.994164975348826 0.994164975348826 0.881141011377233 0.870575851796263
"547" 0.182676102317197 0.124346298744042 0.110517749992692 0.271942981430736 0.271942981430736 0.840330309476146 0.840330309476146 0.457613415968801 0.300579712687604
"548" 0.00043651686232267 0.00157891429001252 0.000130253138858785 0.438158970953467 0.438158970953467 0.191220335203039 0.191220335203039 0.0373555831824192 0.000400204654839722
"549" 0.0568287833599036 0.159308387812615 0.124931804424938 0.442148739719535 0.442148739719535 0.654357817271341 0.654357817271341 0.185435183614917 0.04575862139411
"550" 0.479934781521133 0.505397392139765 0.377400324407912 0.768169139403494 0.768169139403494 0.945551922526154 0.945551922526154 0.748303645749565 0.447981726214329
"551" 0.596227603091796 0.547464857031253 0.544727051645744 0.885034082239847 0.885034082239847 0.979113754162014 0.979113754162014 0.768443225029036 0.598302244889001
