"V1" "V2" "V3" "V4" "V5" "V6" "V7" "V8" "V9"
"1" 0.931977415424134 0.930346546760296 0.799393475290105 0.371782901242308 0.371782901242308 0.0904387940769144 0.0904387940769144 0.510911656917696 0.869386564707369
"2" 0.955970192529472 0.934494242816971 0.897691733510251 0.403029106955207 0.403029106955207 0.338057217295385 0.338057217295385 0.87256739436262 0.981869346467328
"3" 0.806059258080524 0.779377441024714 0.568322400203468 0.195456732375249 0.195456732375249 0.000768204256200617 0.000768204256200617 0.327078930138928 0.603128485802699
"4" 0.856554053696364 0.81515604667664 0.623227848736673 0.227518483067236 0.227518483067236 0.0486654687243165 0.0486654687243165 0.307768235325711 0.71453242253697
"5" 0.842746053686446 0.840388967951886 0.625473715950195 0.188516511834279 0.188516511834279 0.0779601075529107 0.0779601075529107 0.301380794932715 0.716986271626035
"6" 0.860361849653264 0.90618040013315 0.674985739657002 0.31270389889265 0.31270389889265 0.0770722387560984 0.0770722387560984 0.488320455186123 0.798173652356004
"7" 0.730532911330038 0.695767149031007 0.504330474901454 0.117328125158619 0.117328125158619 0.0136953180000179 0.0136953180000179 0.282368668761097 0.597579584351114
"8" 0.713038497461257 0.623414417357236 0.489901570247327 0.131389702111757 0.131389702111757 0 0 0.211079105103143 0.422851741019696
"9" 0.954934294834746 0.897254275078969 0.672465770386544 0.371608268950942 0.371608268950942 0.134207344908003 0.134207344908003 0.675730609483748 0.914166809939604
"10" 0.666613115623522 0.653817280364292 0.52361388026015 0.232140219280007 0.232140219280007 0.000188562061755221 0.000188562061755221 0.227457325527487 0.461608509632051
"11" 0.75191608911149 0.724493325062509 0.448409201728225 0.176378083084574 0.176378083084574 0.0253691649295161 0.0253691649295161 0.231020912118795 0.606842024480796
"12" 0.848707325576093 0.788627879462018 0.619588660164294 0.194115871189072 0.194115871189072 0.0156503443046943 0.0156503443046943 0.292070608805222 0.699373491684427
"13" 0.0608121948254533 0.0169063670508517 0.038141223347922 0 0 0 0 0.0302027961956712 0.0911750881028755
"14" 0.878110769334105 0.813347278902586 0.6928376310733 0.353562301905314 0.353562301905314 0.0444879168413389 0.0444879168413389 0.413868342358866 0.78536629316317
"15" 0.817477203191078 0.762922128362739 0.605314628042565 0.251535701057786 0.251535701057786 0.0473879061659667 0.0473879061659667 0.411554179395106 0.66104803916401
"16" 0.0645715270632645 0.047690662815217 0.0421699111342769 0.00074127976688629 0.00074127976688629 0.000106620889798103 0.000106620889798103 0.0247876462505581 0.140781614715883
"17" 0.893080388397749 0.924290194317317 0.720118115675224 0.340727368451544 0.340727368451544 0.199745510486887 0.199745510486887 0.671284240564022 0.862098902312939
"18" 0.0510776222983199 0.0271715474105385 0.0275125374219111 0 0 0 0 0.0271777786978026 0.0710357731845088
"19" 0.765624843026837 0.747775752259538 0.540657364615285 0.0738407516375342 0.0738407516375342 0.000149630311390679 0.000149630311390679 0.268300038236689 0.586173933289785
"20" 0.501708222114524 0.51583537438893 0.172950547908181 0.0398027038693355 0.0398027038693355 0.0412074833805125 0.0412074833805125 0.0430486346727749 0.274652281781416
"21" 0.109646197618448 0.150217021533476 0.000440586391242599 0.000906212163133779 0.000906212163133779 0 0 0.0930247469523021 0.0920441736036179
"22" 0.59508758267811 0.431004818880153 0.267730200584114 0.00829738327785938 0.00829738327785938 0.0624476957659413 0.0624476957659413 0.252919772699376 0.70752973608834
"23" 0.941959875839489 0.938196951883098 0.635356071129045 0.317015697691002 0.317015697691002 0.148531811590127 0.148531811590127 0.787576959214956 0.950926085509109
"24" 0.000607228494240666 0.0311286471292214 0 0 0 0 0 2.47744872545709e-06 0.000349584714065064
"25" 0.401855591622428 0.373822988361878 0.261464809918285 0.0796334499581137 0.0796334499581137 0 0 0.0205405693253816 0.164995681243481
"26" 0.0687817975681359 0.0736728938194469 5.99522642036072e-05 0.0687918910424819 0.0687918910424819 0 0 0.00241123164612474 0.0324917586495559
"27" 0.014743189548912 0.00320338323408738 0.00142337207002658 0.000884917476575944 0.000884917476575944 0 0 0.00022209863090128 0.00186523312885739
"28" 0.250772775865257 0.351344817000507 0.141351921435346 0.0424861693334209 0.0424861693334209 0.0255554083641906 0.0255554083641906 0.0531010231005257 0.159930837326159
"29" 0.205457917932676 0.297209042952547 0.0386881367828426 0.0190324770316904 0.0190324770316904 1.55648889200098e-05 1.55648889200098e-05 0.0074601949491722 0.182441804961507
"30" 0.638227373440206 0.683442551332933 0.35772163484261 0.143751520060423 0.143751520060423 0.0312470246931243 0.0312470246931243 0.191670061719372 0.524651082789197
"31" 0.0748397526068964 0.029734068031642 0.00164801215947677 0.000155592067101731 0.000155592067101731 7.30856446469524e-07 7.30856446469524e-07 3.94978773228928e-05 0.0220738474050083
"32" 0.0759000920125305 0.0295999789292798 0.0268903252848043 3.64803646460201e-05 3.64803646460201e-05 0 0 0 0.025517524362764
"33" 0.984985144566671 0.861392322718812 0.736011957391852 0.463999087261589 0.463999087261589 0.318321046694814 0.318321046694814 0.810873853260351 0.970853475060471
"34" 0.624207141320506 0.697051602044712 0.483315159049979 0.0555637725341034 0.0555637725341034 0.104672369151354 0.104672369151354 0.219985019871108 0.460001713899042
"35" 0 0.000159354371424343 0.000579215104302177 0 0 3.25315258335999e-07 3.25315258335999e-07 8.43918370197638e-05 0
"36" 0.783455892747231 0.773237768230529 0.445427909161903 0.136155172111374 0.136155172111374 0.110619447672932 0.110619447672932 0.250737524270094 0.80979232472048
"37" 0.221308725913516 0.141963601945131 0.0377875934017777 0.00285722121573814 0.00285722121573814 0 0 0.128505134982603 0.248364903691941
"38" 0.643898818572329 0.55241413814951 0.347132063376411 0 0 0.0623527570219097 0.0623527570219097 0.437746156327261 0.64553982336192
"39" 0.00111779250909938 0.0357212063288993 0 0 0 1.01932522444587e-06 1.01932522444587e-06 1.84566971990992e-06 0.000495546537646778
"40" 0.00320690187660467 0.0102980390240636 0 0 0 0 0 1.83965623295639e-05 0.00561313769280235
"41" 0.125433515803386 0.0457055938313487 0.0289775646152932 0 0 0 0 0 0.0411360367217041
"42" 0.93096230994577 0.931572266224521 0.837515633771167 0.375260735043878 0.375260735043878 0.0641175551231151 0.0641175551231151 0.486542546815295 0.869062253327872
"43" 0.65798391793759 0.680659856816957 0.395792380064134 0.112029774277322 0.112029774277322 0.0414472740608832 0.0414472740608832 0.248558535993601 0.538922411078794
"44" 0.986433349951906 0.914831713719454 0.813408255640725 0.558398644024562 0.558398644024562 0.349553868623649 0.349553868623649 0.838701512803927 0.985121749728383
"45" 0.000857082715547532 0.000226522612799164 0.000156785432403569 4.51351598584179e-05 4.51351598584179e-05 0.000171224547026499 0.000171224547026499 9.65126553103647e-06 0.000281393425194268
"46" 0.890613324803248 0.837630226387986 0.808882524578364 0.378401620852485 0.378401620852485 0.0672440005071932 0.0672440005071932 0.44537427226699 0.801423395501523
"47" 0.738531013975084 0.633921788464167 0.447462963765683 0.104854407222051 0.104854407222051 9.16509236473785e-05 9.16509236473785e-05 0.144882722681421 0.645690830483704
"48" 0.791870481317048 0.756779233823963 0.507367399204209 0.189881372655825 0.189881372655825 0.0316062080666733 0.0316062080666733 0.187745553349332 0.600103154122081
"49" 0.0220620446320796 0.0033074579224367 0.00661809072069656 0 0 0 0 0 0.0195675107719331
"50" 0.0384719866317023 0.0226357214804911 0.0015068412664341 3.90213909207111e-05 3.90213909207111e-05 0 0 5.38221793592501e-05 0.0468482400790002
"51" 0.878596304368041 0.91013275527446 0.736813983834942 0.326656383699111 0.326656383699111 0.213504391170752 0.213504391170752 0.749177786620114 0.944897355362952
"52" 0.747560171817543 0.675101079766027 0.562271628316896 0.168609544329609 0.168609544329609 0.0210564354797994 0.0210564354797994 0.180109237763005 0.577440517007186
"53" 0.907995292320698 0.873234948845875 0.651094072175983 0.270338511730961 0.270338511730961 0.0932525132631268 0.0932525132631268 0.478165541792187 0.854189830096929
"54" 0.205472050029227 0.211066631048845 0.089541550399621 0.0413720891860058 0.0413720891860058 0 0 0.0409958879686336 0.165047300794871
"55" 0.658100477113833 0.67667212179035 0.458846735558497 0.122123177185405 0.122123177185405 0.0552449632664016 0.0552449632664016 0.179101518524402 0.463108954737929
"56" 0.97472841669389 0.925533559579067 0.766172903974576 0.264583625765432 0.264583625765432 0.171899622167387 0.171899622167387 0.752033976415005 0.979505909392734
"57" 0.772543956091614 0.698347562785794 0.62424364825534 0.156919294824376 0.156919294824376 0.0344149749825244 0.0344149749825244 0.366632885593566 0.719600281197018
"58" 0.0202448516313317 0.0415411755224193 0.000158662122973821 0 0 3.0874757970814e-07 3.0874757970814e-07 0 0.000776714473901451
"59" 0.512628620829809 0.578172269398879 0.396880901217576 0.0249297645318421 0.0249297645318421 0.022248939751631 0.022248939751631 0.102856889055993 0.326521779915071
"60" 0.522153422563809 0.502653547897119 0.352077597740354 0.030154880025762 0.030154880025762 0.0222566616993863 0.0222566616993863 0.109444067972987 0.329005058099202
"61" 0.553316008820483 0.509982213570181 0.459157346069097 0.0505746943067981 0.0505746943067981 0.043824038685597 0.043824038685597 0.0998188735025155 0.388230590314179
"62" 0.837301239829271 0.796003490606433 0.681363619120506 0.272202850972281 0.272202850972281 0.236746770907142 0.236746770907142 0.515466086259005 0.713181623624333
"63" 0.84870742395369 0.814760590666558 0.725120009978691 0.273335592922234 0.273335592922234 0.226366741669573 0.226366741669573 0.662864890052804 0.869506294543923
"64" 0.0571247964556188 0.0200872747506535 0.0141937197905691 0.000138316417817294 0.000138316417817294 6.78369016433196e-05 6.78369016433196e-05 0.0270626191936267 0.0646342836258576
"65" 0 0 0 0 0 0 0 0 0.000137121519301561
"66" 0.816007806235222 0.793910038662353 0.638948976852708 0.165262914892255 0.165262914892255 0.0885774094863546 0.0885774094863546 0.358076030452667 0.664673208566266
"67" 0.687998584188045 0.677040851998734 0.5635915986424 0.182037526759067 0.182037526759067 0.0513691164956205 0.0513691164956205 0.182850463224513 0.526757533179827
"68" 0.00286807952863793 0.0291851573321664 4.43236499975846e-06 0 0 2.38767143071836e-08 2.38767143071836e-08 3.77499616960439e-05 0.020099452045965
"69" 0.921683963608909 0.874058614316643 0.815383419448295 0.423538766604103 0.423538766604103 0.302202447702368 0.302202447702368 0.605066742165685 0.8979668359684
"70" 0.977062929154424 0.907039445130753 0.798825489730962 0.406389056659634 0.406389056659634 0.23121598467918 0.23121598467918 0.78516100373718 0.955149699251074
"71" 0 0.000394919345724708 0.000276759395267321 0 0 0 0 0 0.000909516198434906
"72" 0.990676731160799 0.93945676965216 0.821694331169104 0.542656130575619 0.542656130575619 0.400748475263322 0.400748475263322 0.853896564754375 0.986599446559959
"73" 0.669943750085196 0.521672022404308 0.342041359840224 0.132177011634695 0.132177011634695 0.0384853377458954 0.0384853377458954 0.365450974126882 0.64280826366602
"74" 0.995260048267127 0.921794560244147 0.810806792813639 0.542554165229235 0.542554165229235 0.363157078324608 0.363157078324608 0.844496936999683 0.982013934992782
"75" 0.691304384171064 0.686495512338424 0.468837269678531 0.191589858493251 0.191589858493251 0.0191998091553906 0.0191998091553906 0.294649065805546 0.598638087991753
"76" 0.594598510329499 0.617765232034163 0.356617669158818 0.197940919781729 0.197940919781729 0.0890557297987419 0.0890557297987419 0.305109733122811 0.577128062234481
"77" 0.556265404817225 0.557464537201625 0.401026691377504 0.173816112251198 0.173816112251198 0.0826016020860008 0.0826016020860008 0.263906118158587 0.51491294102013
"78" 0.0496534075253595 0.0437199922100655 0.0348720878986409 0 0 0 0 0.0148849911311407 0.0982741988502968
"79" 0.420289692026701 0.426679932221942 0.195601757087794 0 0 0 0 0.0525384042335314 0.336671649304011
"80" 0.505756394784759 0.459520599310946 0.334618955308629 0.00214387786832969 0.00214387786832969 6.41471549162675e-06 6.41471549162675e-06 0.109863301822132 0.430047154559118
"81" 0.638758347884242 0.563876486685014 0.392306620402263 0.0255389091767717 0.0255389091767717 0 0 0.164013129661466 0.666458570856408
"82" 0.284345400393281 0.248460347882226 0.0660823350424135 0.00182257907807617 0.00182257907807617 0 0 0.00722985301660802 0.186413223053072
"83" 0.417110511465772 0.171461403165097 0.0765140622500838 0.00328300114660003 0.00328300114660003 0.0521441534692467 0.0521441534692467 0.189638736753152 0.421211438322883
"84" 0.519093302621698 0.484605485324382 0.39810072940986 0.0496355745625046 0.0496355745625046 0.0215335829200262 0.0215335829200262 0.0978647219147591 0.362269391979246
"85" 0 0 0.000300436112247746 0 0 3.3348706101918e-08 3.3348706101918e-08 2.3494617013637e-05 0.053941320707877
"86" 0.98241181311267 0.91534723599755 0.720289572680541 0.290502465984291 0.290502465984291 0.0891666813010075 0.0891666813010075 0.732038987459636 0.957078692127096
"87" 0.555349435112785 0.547052004764694 0.362475122525177 0.0600488563966413 0.0600488563966413 0.0284751207346737 0.0284751207346737 0.159162152847027 0.674859410192999
"88" 0.00131410188675645 0.00104414111868204 0.00093411507323986 0 0 0 0 0.00039072284490635 0.0016296044782769
"89" 0.775637022715036 0.709184314856886 0.653080603308489 0.134115035785051 0.134115035785051 0.0200355686433719 0.0200355686433719 0.37614777542038 0.706098464925998
"90" 0.910184998664557 0.880083765769896 0.775277284713537 0.581784081696423 0.581784081696423 0.313076375061089 0.313076375061089 0.829310892419739 0.969649709181968
"91" 0.00232883551344384 0 0.000330353903147203 9.58947783944282e-06 9.58947783944282e-06 2.83137021222137e-08 2.83137021222137e-08 6.15107931045368e-06 0.00617832628416382
"92" 0.83723575619927 0.791229519060728 0.660777652548427 0.206856211623333 0.206856211623333 0.0280277392535787 0.0280277392535787 0.275831066515835 0.6841953097564
"93" 0.808658861322029 0.813759108992975 0.550762903112938 0.17024153641315 0.17024153641315 0.0500291724034907 0.0500291724034907 0.308716975857365 0.661115503308899
"94" 0.000242191049055042 0.000200954474846048 9.26955503249994e-05 0 0 2.16339183249404e-06 2.16339183249404e-06 0.00036220469992274 0.000417909428221412
"95" 0.530368992588657 0.484546264462395 0.444970496831955 0.043580340414177 0.043580340414177 0.0284849151235117 0.0284849151235117 0.0794103493339631 0.342207934474846
"96" 0.352960837056741 0.340266910954057 0.155467122509638 0.000590126963624168 0.000590126963624168 2.75741107133646e-06 2.75741107133646e-06 0.0839587147272132 0.203090406740458
"97" 0.227983178106115 0.327930003258107 0.0650733234302382 0.0190266989312382 0.0190266989312382 0 0 0 0.209854497641812
"98" 0.620620957050219 0.593034454399075 0.40224090899098 0.0991376603435475 0.0991376603435475 0.0976359907739104 0.0976359907739104 0.300974675174935 0.65587786830616
"99" 0.951215589649729 0.959930165995622 0.748753539494 0.494729504100706 0.494729504100706 0.250820890159104 0.250820890159104 0.694895120843679 0.939125998871702
"100" 0.0770742007445706 0.0323659416128046 0.000877505204423071 0 0 0 0 0 0
"101" 0.689998462502708 0.690569830677031 0.511059669181138 0.211626520792069 0.211626520792069 0.0592220807091246 0.0592220807091246 0.290555416313994 0.613710600886021
"102" 0.821612178859065 0.858908336836333 0.723442850143852 0.387323867291562 0.387323867291562 0.132295870629214 0.132295870629214 0.375298902975694 0.770163154561284
"103" 0 0 0 0 0 0 0 0 0
"104" 0.677703854771354 0.759934535774122 0.661168649917453 0.397314195591167 0.397314195591167 0.0868657927037363 0.0868657927037363 0.591604098739606 0.815947456746405
"105" 0.9348965627632 0.874496524123698 0.72573090439053 0.492909917364917 0.492909917364917 0.32237065916991 0.32237065916991 0.851292899682855 0.950703963152855
"106" 0.467840350521688 0.409609743686718 0.216926972266149 0.0412800681530305 0.0412800681530305 0.0245931013258943 0.0245931013258943 0.0254901000684595 0.245167544445631
"107" 0.504927359953944 0.571490916920847 0.396861184437815 0.0341094421038565 0.0341094421038565 0.0363526328983683 0.0363526328983683 0.0944716755492794 0.336941412483277
"108" 0 0 0.000349403047980886 0 0 4.22981087684178e-08 4.22981087684178e-08 0 0.000409835345436626
"109" 0.704838687635645 0.695453599157082 0.489217646060788 0.20416282840634 0.20416282840634 0.0363769384719439 0.0363769384719439 0.304974649946362 0.609846389367456
"110" 0.260093547778698 0.252000714062879 0.0853092245498034 0 0 8.7575750231773e-06 8.7575750231773e-06 0.0417186344350076 0.162103970314056
"111" 0.111242798338519 0.068476544609591 0.0291896431512079 0.000962951654348653 0.000962951654348653 6.20560983928517e-06 6.20560983928517e-06 0.000892460678531836 0.11067660407997
"112" 0.201332201772719 0.361370742624497 0.141676254213847 0.00554524315587148 0.00554524315587148 0.000471351148125692 0.000471351148125692 0.00654962291031546 0.238418316352489
"113" 0.0318928502783987 0.0252621113160251 0 0.000221488322849855 0.000221488322849855 0 0 2.08852539993372e-05 0.0241902597230246
"114" 0.719147884248818 0.793522173306646 0.439927310688724 0.157563841226738 0.157563841226738 0.0545257686395579 0.0545257686395579 0.278834605011579 0.72427702775335
"115" 0.673160637828857 0.674775811703995 0.466264919436049 0.19907953821507 0.19907953821507 0.00183096092835633 0.00183096092835633 0.287679456356591 0.582722680727032
"116" 0.0247871757368442 0.0379884006506597 0.00020235488558618 0.00175236600500699 0.00175236600500699 1.13346493483085e-06 1.13346493483085e-06 0 0.0271837324416226
"117" 0.112849553485671 0.0983789682415518 0.0188556279176934 0.000385785788029497 0.000385785788029497 6.25962550357844e-06 6.25962550357844e-06 0 0.0397933745782954
"118" 0.611120973790255 0.589353159577527 0.349209367716942 0.0921772425740027 0.0921772425740027 0 0 0.17010485024837 0.478894152724483
"119" 0.566957646635236 0.480009362620518 0.316130894641751 0.00224257388817827 0.00224257388817827 1.73245343763864e-05 1.73245343763864e-05 0.0928034939155259 0.571187979863646
"120" 0.983139319562404 0.966147869635666 0.871442356910466 0.454071225401626 0.454071225401626 0.196871507135593 0.196871507135593 0.71735372788038 0.94073613011944
"121" 0.805427907072274 0.601114456773234 0.386256477717041 0.116541210692785 0.116541210692785 0.000234797571874446 0.000234797571874446 0.147415930551872 0.726136428488061
"122" 0.481147309973645 0.0923806270177333 0.00323337450205432 0.000475365628128675 0.000475365628128675 0 0 0.337801425485069 0.492675216415746
"123" 0.419537039780406 0.379218051688805 0.201119596160977 0.0289544011749329 0.0289544011749329 0 0 0.00251541151355559 0.359157439435321
"124" 0.000358978003039914 0.000763219033094362 4.48070521005479e-05 4.23334579074155e-05 4.23334579074155e-05 0 0 9.32590790983715e-06 0.000530313037508462
"125" 0.715811796256691 0.584301915289333 0.494072582312892 0.11125581389255 0.11125581389255 0.0440630515803666 0.0440630515803666 0.0669988544707317 0.409402232837701
"126" 0.92853866235402 0.902139273662374 0.785200194921499 0.448313210920841 0.448313210920841 0.398557147230911 0.398557147230911 0.783477490683182 0.954053090243157
"127" 0.500854618355762 0.488808830316021 0.176606044124253 0.022183949228342 0.022183949228342 0 0 0.142525083368708 0.370192641879133
"128" 0.960221798089691 0.991093062263904 0.860509254919021 0.600939516982167 0.600939516982167 0.484193528138959 0.484193528138959 0.959994091248093 0.996842477058084
"129" 0.426325467607235 0.443748766595316 0.192603860576973 0.000251815443339487 0.000251815443339487 0.000148528714636291 0.000148528714636291 0.0730194956261356 0.329015216296398
"130" 0.0473068743226643 0.00985983001922259 0 0.000320905740073413 0.000320905740073413 0 0 2.09441505132899e-05 0.025343582048327
"131" 0.000620352001809901 0.000291208728969242 8.32520880100132e-06 2.32648031260409e-06 2.32648031260409e-06 4.9139306758275e-07 4.9139306758275e-07 7.26349499383059e-07 0.00064280929233873
"132" 0 0.000222536546788128 0.000564391864104653 0 0 0 0 0.000195366932261301 0
"133" 0.548040699977786 0.559171225706908 0.254332820608174 0.0532832188430206 0.0532832188430206 0.0209526122128942 0.0209526122128942 0.177601692066537 0.489038149237482
"134" 0.0202693187315301 0.0253818610054655 0.00209990604999922 4.90828933905994e-06 4.90828933905994e-06 0 0 5.90567490055904e-06 0.0220232985644159
"135" 0.352220078207281 0.332352890877049 0.130118675840896 0.039418372075064 0.039418372075064 2.56451611040883e-06 2.56451611040883e-06 0.0666315896262781 0.265290215606796
"136" 0.46477406717759 0.452157712726172 0.278753233014189 0.0169055521718036 0.0169055521718036 7.44457050947157e-05 7.44457050947157e-05 0.0879134781391131 0.381669752839018
"137" 0.904939715761689 0.889552785320566 0.67427306875908 0.300280635620519 0.300280635620519 0.0795672648284013 0.0795672648284013 0.437852603324282 0.863174111980952
"138" 0.430243720967782 0.473799869237081 0.149596562918965 0.0265573441391075 0.0265573441391075 0.00429925971652787 0.00429925971652787 0.0188691750047489 0.244542644793488
"139" 0.985237658386417 0.953367857962287 0.832649898306541 0.58856558737764 0.58856558737764 0.376028213420465 0.376028213420465 0.983889546425059 0.986332289239886
"140" 0.000451084403306836 0.00055644488540998 2.71066757571202e-05 9.99415923025264e-06 9.99415923025264e-06 0 0 3.87389351711266e-06 0.00057875053668835
"141" 0 0 0 0.000139751845806245 0.000139751845806245 0 0 0.000288648416572462 0.0643177507329791
"142" 0.0800228599598059 0.121839426218495 0.0347337384685401 0.000189905192171758 0.000189905192171758 0 0 0.00288132307183665 0.106302796711829
"143" 0.141599676635493 0.138481116110432 0.0371773683075999 0 0 0 0 0.00306832892926661 0.168203645888897
"144" 0.546815093343557 0.579376080694998 0.346276537673762 0.0776583786336004 0.0776583786336004 0.000219775051057779 0.000219775051057779 0.125040520713363 0.434825266222532
"145" 0.842756906280798 0.73991697090794 0.651508700329623 0.175437197543818 0.175437197543818 0.132470931751687 0.132470931751687 0.445739755171706 0.778236876453513
"146" 0.214103550245424 0.313830284074948 0.0560179084615911 0.0166569179678855 0.0166569179678855 0 0 0.00916016925627667 0.195170192412407
"147" 0.779877234222573 0.591126794360223 0.262529590533006 0.0482065738818554 0.0482065738818554 0.0578471070241357 0.0578471070241357 0.282751886983785 0.731892910571464
"148" 0.534972150776155 0.460465919917255 0.333191584211574 0 0 0 0 0.0725852349274705 0.500069555927693
"149" 0.988527779579152 0.931202680041795 0.903339456024063 0.530860481099125 0.530860481099125 0.433071300036413 0.433071300036413 0.852463413649667 0.978644632625677
"150" 0.735835259494248 0.69258216076194 0.458445603134319 0.118596091725665 0.118596091725665 0.000916859520895096 0.000916859520895096 0.264392885674978 0.551865743610278
"151" 0.0887120497007479 0.118253882017408 0.0372257403456518 0 0 0 0 0.0077735232267942 0.118840293587484
"152" 0.000534397560457059 0.00364473442570999 0.000491540476632148 0 0 2.09130095186035e-08 2.09130095186035e-08 7.91940620001617e-07 0.000509722464142442
"153" 0.899738255429686 0.947135257860801 0.892660242194666 0.40507777568086 0.40507777568086 0.302605985067964 0.302605985067964 0.775980919063459 0.951526966455635
"154" 0.937497060957767 0.928322414947945 0.821690179583626 0.428044310540061 0.428044310540061 0.169174516318658 0.169174516318658 0.715979258110768 0.905290714121133
"155" 0.2406210074354 0.0634408333631457 0.0025686654977531 0.00114841422713508 0.00114841422713508 0 0 0.065897262791988 0.210714288725621
"156" 0.00101707464045482 0 3.11930956572059e-05 0 0 2.61492160042771e-05 2.61492160042771e-05 0 0.0042603626660623
"157" 0.271783773992373 0.304551281881005 0.0117174550317381 0.0231777457288874 0.0231777457288874 0 0 0.0361713918377478 0.115478539045065
"158" 0.730675321084745 0.651962022399974 0.487190739661156 0.102192311782696 0.102192311782696 0 0 0.194940701650949 0.658477939571028
"159" 0.0955250318418934 0.0546303436409276 0.0877275728471388 0.000439067231462184 0.000439067231462184 0.000108976207250703 0.000108976207250703 0.00201602244718976 0.12226938258575
"160" 0.776239264258272 0.686843096609135 0.417528139103598 0.131862167999086 0.131862167999086 0.000316939855686657 0.000316939855686657 0.265981578693088 0.663875664455821
"161" 0.707204987637159 0.704126134590095 0.47447694778557 0.100795193221484 0.100795193221484 0.00105679013394751 0.00105679013394751 0.301165131332534 0.590857205025154
"162" 0.509591123985213 0.444031914985936 0.386087968830269 0.0579204855575741 0.0579204855575741 0.0221704822640166 0.0221704822640166 0.0588951319285711 0.266217562730078
"163" 0.130729009267799 0.15043504618161 0.00265936371575143 0 0 0.00011942346195927 0.00011942346195927 0.0779365021448516 0.116350377284426
"164" 0.847344265777486 0.88455562094523 0.718139177758682 0.192051547050582 0.192051547050582 0.0996633383743093 0.0996633383743093 0.43736846671928 0.918244562794487
"165" 0.61328788800289 0.660276344483981 0.433603537750561 0.196087761725115 0.196087761725115 0.0919271000109383 0.0919271000109383 0.234913242809327 0.5762087290613
"166" 0.0171117490984619 0.0485240890712055 0.0226039017575395 5.01445282285118e-05 5.01445282285118e-05 1.52809142123764e-06 1.52809142123764e-06 2.3704806632201e-05 0.0310301184317624
"167" 0.8051219635474 0.717118123440841 0.583488204047077 0.129531808907656 0.129531808907656 0.0235898694183974 0.0235898694183974 0.310330102334497 0.573448834119407
"168" 0.248878636871958 0 0 0 0 0 0 0.129090828952875 0.32854242016605
"169" 0.748501889592652 0.805839515869087 0.701964726322165 0.553173943631816 0.553173943631816 0.199543277296209 0.199543277296209 0.55910392261786 0.946321839688367
"170" 0.704226915555114 0.363187078197892 0.258839645915837 0.0592978155294274 0.0592978155294274 0 0 0.110020040517183 0.542940973627626
"171" 0.797635157383047 0.722368842940781 0.5353882117379 0.167587015329483 0.167587015329483 0.0015242250323044 0.0015242250323044 0.37270773114902 0.629988869304428
"172" 0.00111434147017677 0.000837910819873635 0 6.91607711963242e-06 6.91607711963242e-06 2.74782814051409e-08 2.74782814051409e-08 0.000202644760553256 0.0277580397568776
"173" 0.00689113708078603 0 0.0076389344186921 0 0 0 0 0 0.031910351899023
"174" 0.329429646653319 0.326510804575693 0.19514590118215 0 0 0 0 0.0424677695856918 0.294055497203788
"175" 0.472624007573025 0.36893392214863 0.381301082707873 0.0632467977671888 0.0632467977671888 0.0196483247076508 0.0196483247076508 0.0139499950460541 0.293364687745754
"176" 0.0521954956755105 0.0212396156795708 0.0107621039632724 0.000404170453590919 0.000404170453590919 1.71050876537133e-06 1.71050876537133e-06 0 0.0614102473002041
"177" 0.420258837122631 0.385340167114581 0.19466922509892 0.0120163940738938 0.0120163940738938 0.0185178558476098 0.0185178558476098 0.0208060307100071 0.200558342531451
"178" 0.0012045116979618 0.000266751897800764 0.00262550006326563 0.000168954598098207 0.000168954598098207 0 0 0 0.00111444374685948
"179" 0.971944556771396 0.881452508308242 0.739453282513438 0.318982021712661 0.318982021712661 0.0894638803166798 0.0894638803166798 0.667487246342159 0.945429829603111
"180" 0.00332479173414406 0.00198158455302997 0.00111229950918968 0 0 1.58728253481246e-05 1.58728253481246e-05 0.0001829369425932 0.00110278986730086
"181" 0.127884754541667 0.014090847386583 0 0.000318157785049326 0.000318157785049326 1.40164706676647e-06 1.40164706676647e-06 0 0.0350338768947345
"182" 0.117754722343701 0.0143495308087674 0.000659771066000827 0.000326765657925991 0.000326765657925991 1.16318560101584e-06 1.16318560101584e-06 0.000134094158677395 0.0410555914820565
"183" 0.849949888815807 0.889189802496909 0.665141784205017 0.193992625499685 0.193992625499685 0.104628048785536 0.104628048785536 0.526900673841687 0.849286447180727
"184" 0.589803925957658 0.638517442962571 0.445875374315324 0.101449778952869 0.101449778952869 0.0332620543592523 0.0332620543592523 0.209829576849289 0.512065087377154
"185" 0.555779188091761 0.563497166895581 0.341892187545117 0.0557262828771485 0.0557262828771485 0 0 0.130658753348985 0.428856388791344
"186" 0.000367500459492776 0.0006604494651195 0.000539030091499908 0.00012474054221613 0.00012474054221613 0.00173531177414165 0.00173531177414165 6.17715269079829e-06 0.000386231292122846
"187" 0.0431793817576562 0.0261410484115242 0 0.000154764147962554 0.000154764147962554 5.63819563989677e-07 5.63819563989677e-07 0 0.0306794198036774
"188" 0.436402714504037 0.333425979003955 0.342702156833823 0.0518161598517205 0.0518161598517205 0.00193964809333124 0.00193964809333124 0.0174317130233352 0.243147687268288
"189" 0.442429730845093 0.631356611590961 0.416495712137154 0.0680764191075419 0.0680764191075419 8.87247013686635e-05 8.87247013686635e-05 0.141389708033387 0.709057841160151
"190" 0.000725533044192337 0.00019206119078314 8.375538289825e-05 1.73749326082254e-05 1.73749326082254e-05 0 0 2.79171715978135e-06 6.1910010882704e-06
"191" 0.793442892990885 0.703023652783916 0.629034219943977 0.189575787578039 0.189575787578039 0.0668628271758865 0.0668628271758865 0.386550385647416 0.645359244286961
"192" 0.711957198357547 0.45479603013451 0.201634362867249 0.00258973952547908 0.00258973952547908 8.84451560332544e-05 8.84451560332544e-05 0.132583698073014 0.5272527534108
"193" 0.31090983828248 0.312351359923048 0.306095400368565 0.0170880749165623 0.0170880749165623 0 0 0.0529250679798749 0.200275204108637
"194" 0.371518214328008 0.358096522881652 0.267462259668332 0.0039578401567949 0.0039578401567949 0.0188541948605106 0.0188541948605106 0.0373141762362564 0.180627157236666
"195" 0.869268495645447 0.809320317577494 0.500228156976076 0.222508053840013 0.222508053840013 0.128064800918968 0.128064800918968 0.407928746434704 0.785500697352537
"196" 0.268994286637242 0.188745889188616 0.0342472184859009 0.00179770482735657 0.00179770482735657 6.20766473018571e-06 6.20766473018571e-06 0.00265546758527295 0.145952508922091
"197" 0.42211544164073 0.368353968146228 0.151399850671239 0.00256960225290354 0.00256960225290354 7.92148659032716e-06 7.92148659032716e-06 0.0799717056466276 0.297606323983346
"198" 0.0935273045328193 0.104907267001686 0.0374084540995421 3.1925915261697e-05 3.1925915261697e-05 6.818622770956e-06 6.818622770956e-06 0.0383920071905915 0.140804810573314
"199" 0.0615552282091697 0.0216272705482245 0 0 0 0 0 2.52543193181501e-05 0.0504931994584812
"200" 0.630565287542919 0.654988128458221 0.345569904669661 0.0566454032223134 0.0566454032223134 0.0247426873405273 0.0247426873405273 0.293331982562805 0.534661396562331
"201" 0.000340819787756551 0.00065094590061597 0.000273708189442534 0.000102528149570534 0.000102528149570534 0 0 0 0.000339123349352002
"202" 0.290552244164802 0.26112033671551 0.157390642836767 0.0434811042296821 0.0434811042296821 7.48467677934055e-06 7.48467677934055e-06 0.0294101631034041 0.145063494956596
"203" 0.463849386963002 0.435661138150646 0.181641421177118 0.00034710269025548 0.00034710269025548 9.9356012564772e-05 9.9356012564772e-05 0.0730088931291369 0.548817862449231
"204" 0.840957619859453 0.644255865612204 0.36394576690915 0.0807311441687797 0.0807311441687797 0.000926297355679773 0.000926297355679773 0.382067618427204 0.757568032531099
"205" 0.519470024151833 0.438419526688748 0.229839866681034 0.0752016794940707 0.0752016794940707 0 0 0.314860460545736 0.586078530327575
"206" 0.929819622650456 0.891626468510076 0.648018764660238 0.330948775655075 0.330948775655075 0.140534818916821 0.140534818916821 0.658269814018642 0.949732368743782
"207" 0.715202639735486 0.753340510264714 0.524231820586241 0.149878018178613 0.149878018178613 0.0466842705117172 0.0466842705117172 0.124379359686492 0.475414914553479
"208" 0.0499970181736379 0.0569111634229178 0 0 0 2.46335871760721e-07 2.46335871760721e-07 0.00433237250756084 0.0259535593656632
"209" 0.952928714901328 0.878369629347971 0.763482325359065 0.191857100435695 0.191857100435695 0.240435293207452 0.240435293207452 0.858227727695475 0.912657638455749
"210" 0.642339472500942 0.586490700602417 0.255901799442692 0.129403441813212 0.129403441813212 0.000545645904894479 0.000545645904894479 0.339546382257681 0.701163104250083
"211" 0.804375549354331 0.740297341783376 0.709427113175466 0.258486287837003 0.258486287837003 0.17640136019044 0.17640136019044 0.590958518374131 0.841422971519617
"212" 0.0727069650851075 0.0240042460465966 0.0468341403032245 1.76009505558708e-05 1.76009505558708e-05 0 0 0.000379373600035801 0.0269154733582991
"213" 0.10770136011602 0.0710439581668583 0.0345011150128763 0.00120834701372749 0.00120834701372749 2.91761767413524e-06 2.91761767413524e-06 0.00108089680151955 0.0412214904256443
"214" 0 0 3.14756821804075e-05 0 0 2.11934739573933e-06 2.11934739573933e-06 0 2.29765888766387e-05
"215" 0.381337145672779 0.312872391356753 0.310515930228904 0.0262735392221841 0.0262735392221841 0.0241742435482568 0.0241742435482568 0.0360147538287658 0.209823675502293
"216" 0 0.000381867374847018 0.000307357257412615 0 0 8.39202072445695e-08 8.39202072445695e-08 0 0.000580798004794081
"217" 0.866467284683485 0.842884488710438 0.693110973594337 0.187041366161328 0.187041366161328 0.0793493128725209 0.0793493128725209 0.241291887272508 0.845414509669272
"218" 0.0679929121072802 0.0140380513695973 0.0175809008566385 0 0 0 0 0.0146231433151635 0.0668292003659621
"219" 0.928177858676768 0.812763891865854 0.404863271197507 0.23148744277865 0.23148744277865 0.0799501812517864 0.0799501812517864 0.439981714681329 0.818184470673411
"220" 0.0346558850922158 0.0807589027711756 0 0.0545383452539788 0.0545383452539788 0 0 0.00149637700442475 0.0013021233677277
"221" 0.80080383490559 0.773555371076558 0.588017618176583 0.171917292394264 0.171917292394264 0.0190673756472364 0.0190673756472364 0.287558759880333 0.779650301808118
"222" 0.0804867940951317 0.0217587829676265 0.02177868716561 0.000445261301210764 0.000445261301210764 1.03430448554899e-08 1.03430448554899e-08 0.0010769122898852 0.0750852372304558
"223" 0.151290943686017 0.146026577126495 0.024477864164671 0 0 1.72193237876007e-05 1.72193237876007e-05 0.00987478201522352 0.0627835716764543
"224" 0.11354978885225 0.0763636109134193 0.0393308374816987 0.00210007717289869 0.00210007717289869 5.63819102453302e-06 5.63819102453302e-06 0.00177388182938113 0.0364738108581278
"225" 0.971298850500717 0.933483418844472 0.828850022733433 0.533256681110684 0.533256681110684 0.630380692788578 0.630380692788578 0.798220425647988 0.922199633741665
"226" 0.764326365064718 0.665857754246098 0.465727384902032 0.521707447930079 0.521707447930079 0.0453938714950848 0.0453938714950848 0.311403947169257 0.848806883940155
"227" 0.57190730900448 0.5842735889308 0.389503678806552 0.0509062275567677 0.0509062275567677 0.000200220481680935 0.000200220481680935 0.207478307481504 0.513080565930584
"228" 0.0478460148156806 0.0203350201565369 0.0314125010574993 2.66404943327651e-06 2.66404943327651e-06 0 0 0.000272646806517899 0.00115406407808091
"229" 0.731035209203122 0.584070926756389 0.446448527693051 0.0618088010694705 0.0618088010694705 0 0 0.122310533098304 0.649537756530922
"230" 0.527238607700627 0.440038781834183 0.37512295563635 0.0358754573338515 0.0358754573338515 0.0506007735232491 0.0506007735232491 0.0970842861427029 0.323076899169927
"231" 0.377969309667239 0.484073877097723 0.172717341358465 0.0253692311743183 0.0253692311743183 0 0 0.0300782855534745 0.290949991688586
"232" 0.973472356304529 0.894704899514505 0.798613900199284 0.328603330278054 0.328603330278054 0.137428247522627 0.137428247522627 0.71243363788928 0.958052451252873
"233" 0.723448146400844 0.680402679297678 0.446918958311387 0.248843855371084 0.248843855371084 0.110659028563221 0.110659028563221 0.627494312746986 0.745415638404693
"234" 0.0229709302723101 0 0.000438601407314248 0 0 0 0 0 0.0506862321958519
"235" 0.145193537143585 0.220226735690783 0.0103775786558532 0.00210204732458386 0.00210204732458386 0 0 0.00482363269704614 0.0948165197587801
"236" 0.625516764437758 0.631399145395946 0.328820451314807 0.122784654789096 0.122784654789096 0.00072303500105982 0.00072303500105982 0.175468235705185 0.512269512320608
"237" 0.901632267472782 0.841633981183826 0.842800995114231 0.441940825634936 0.441940825634936 0.320519182171059 0.320519182171059 0.800076405881669 0.814409562548599
"238" 0.261040873801944 0.159717422350039 0.00129563778017598 0.00375457614575823 0.00375457614575823 8.59459953172837e-07 8.59459953172837e-07 0.0168619991436866 0.405585049229462
"239" 0.478289016019508 0.115294225965625 0.0506484129080394 0 0 0.000447027243663936 0.000447027243663936 0.139813800842224 0.241251938526519
"240" 0.486469129505568 0.239905253648283 0.0946112038648056 0.00293411364878886 0.00293411364878886 8.527469452647e-05 8.527469452647e-05 0.0294671553641795 0.603784226829108
"241" 0.823067751126427 0.818637960249406 0.582071602778404 0.20907690390955 0.20907690390955 0.143016544565095 0.143016544565095 0.651314207779818 0.914114097173015
"242" 0.285026170698815 0.258255651208912 0.152689502169212 0 0 0 0 0.068948949735563 0.181432318430694
"243" 0 0 0.000317396354832173 7.59615668748547e-05 7.59615668748547e-05 5.79726031617763e-08 5.79726031617763e-08 0 0.0324795234065525
"244" 0.427061506308267 0.381299794756658 0.258435863971272 0.037026167619831 0.037026167619831 0.0348586683336818 0.0348586683336818 0.0403449706496734 0.217888016795068
"245" 0.00126706877835362 0.00140875545160124 0.000831429006966544 3.20916369664645e-05 3.20916369664645e-05 3.58680460427559e-06 3.58680460427559e-06 0.000361970547363416 0.000571863663332432
"246" 0.277063245340931 0.367018630646672 0.193279467489787 0.00316919954674522 0.00316919954674522 0 0 0.0310196828403567 0.300988479987491
"247" 0.0686627840384204 0.0257738646704216 0.023237863096656 0 0 0 0 0 0.041233018740085
"248" 0.928358045162711 0.861023051190172 0.845778840141053 0.505615336727017 0.505615336727017 0.25466411278433 0.25466411278433 0.536677492107343 0.842481264064173
"249" 0.467802343158271 0.445367541113255 0.181894835662802 0.0178277799325138 0.0178277799325138 9.93616138312681e-06 9.93616138312681e-06 0.101565662452855 0.353649906771422
"250" 0.497096986071433 0.465423085564032 0.330319412854501 0.00103357715271377 0.00103357715271377 0 0 0.130679059950131 0.488988053298069
"251" 0.802749242729792 0.823645398364662 0.633477780288695 0.330475840741794 0.330475840741794 0.114659683141854 0.114659683141854 0.303482384691897 0.621004028993332
"252" 0.681474997497228 0.595977833526626 0.10465156994841 0.0482306984470178 0.0482306984470178 0.000317745621807697 0.000317745621807697 0.235815319004324 0.616366464316483
"253" 0.469740344294937 0.370156143573499 0.329723042908025 0.0513706704571565 0.0513706704571565 0.0275372688791892 0.0275372688791892 0.082032400672865 0.229115697143645
"254" 0.427513836763701 0.334172992592125 0.326836592580196 0.0521348991233762 0.0521348991233762 0 0 0.0234690440487949 0.222356937616688
"255" 0.559215025140109 0.490707081817855 0.115314429123944 0.0312051140705928 0.0312051140705928 0 0 0.0557409968257816 0.485755675112493
"256" 0.261686841561132 0.364673962438021 0.0958367235922917 0.00652625023075615 0.00652625023075615 7.93254814019751e-05 7.93254814019751e-05 0.00305676974452722 0.213218551908039
"257" 0.790334124871485 0.802287512168724 0.541391810079506 0.146586511109012 0.146586511109012 0.043148092706349 0.043148092706349 0.306584136396075 0.641418806832049
"258" 0.00116672641806006 0.00304003870202622 0.000290201176663389 0 0 0 0 1.00278757600103e-05 0.0277238718084068
"259" 0.582600035176062 0.514966054046207 0.112536946840001 0.0328951012796253 0.0328951012796253 0.000188130230301057 0.000188130230301057 0.0793974054443972 0.487893881844068
"260" 0.865925142660349 0.856243740515292 0.525231750705344 0.309926588451295 0.309926588451295 0.181546790682647 0.181546790682647 0.661560510570722 0.826233595818602
"261" 0.24353841547371 0.355543301464469 0.103159921855425 0.0205386085292852 0.0205386085292852 0 0 0.000887186881938809 0.184001516858335
"262" 0.0628173272976225 0.049670981953925 0 0.00037283052943713 0.00037283052943713 0 0 0 0.050777571919354
"263" 0.55214639941538 0.514604364540332 0.343702157789713 0.0549294016060547 0.0549294016060547 1.06091228450408e-05 1.06091228450408e-05 0.184749239669702 0.458719264700255
"264" 0.96635527829377 0.901746824823664 0.747379312172799 0.355485180409272 0.355485180409272 0.211906723953116 0.211906723953116 0.747477016616181 0.963004033738521
"265" 0.175304464439827 0.181480936232657 0.047853615065012 0.000812211133943417 0.000812211133943417 4.32171206018873e-05 4.32171206018873e-05 0.0262788190251122 0.0840806091326963
"266" 0 0 0 0 0 0 0 0.000120202256531759 0
"267" 0.640499943128119 0.636449832353025 0.330314125360577 0.0445171305313977 0.0445171305313977 0.0384784672213453 0.0384784672213453 0.117500772302538 0.443699239924193
"268" 0.601489022218768 0.608012962488464 0.351028269708967 0.0667555794381125 0.0667555794381125 0.0277513599723056 0.0277513599723056 0.204312621194335 0.611788506869067
"269" 0.981852446309045 0.920376067310591 0.840968876995291 0.314688800908116 0.314688800908116 0.345887183559045 0.345887183559045 0.837285663688638 0.940979197780191
"270" 0.0674189665502475 0.0232156291549265 0.0245776201081957 0.000361751956670265 0.000361751956670265 5.29330450496555e-07 5.29330450496555e-07 0.000344511649528188 0.0670253323692171
"271" 0.36022858210228 0.343126714444353 0.267188389850979 0.00491718385781552 0.00491718385781552 0.00171814898898203 0.00171814898898203 0.0491193332648967 0.204955877789385
"272" 0.839662577960469 0.769247572572232 0.647686999666869 0.188825554103835 0.188825554103835 0.0734757011114566 0.0734757011114566 0.345788965475873 0.702882835420879
"273" 0.644860967444411 0.487868095399518 0.265803496017411 0.00171914086120118 0.00171914086120118 5.85354312870735e-06 5.85354312870735e-06 0.165408239132465 0.571495748238495
"274" 0.00323959966338869 0.00122779379890996 0.000130208560774655 0 0 1.15693089549642e-08 1.15693089549642e-08 0.000135162912408679 0.000546621506392298
"275" 0.000365302699364333 0.0011710234280314 0 0 0 2.93467209171888e-06 2.93467209171888e-06 0 0.000652757746883175
"276" 0.106192584675471 0.162446930246146 0.0727614247522124 0 0 0 0 0.0256391513950891 0.0772628962339961
"277" 0.524480603683662 0.504677854292598 0.170184693304334 0.0244736886082227 0.0244736886082227 0.000633287358102267 0.000633287358102267 0.0896869225395225 0.294953467295156
"278" 0.38264724853156 0.369516903635862 0.222435041175314 0.0107361321061458 0.0107361321061458 0.0183293121668661 0.0183293121668661 0.025309198193981 0.190392523798736
"279" 0.471276299149786 0.336627045557391 0.201164675379254 0.0292031060463966 0.0292031060463966 2.05241062664927e-05 2.05241062664927e-05 0 0.276825393027947
"280" 0.974190372080011 0.927138195653262 0.840757741205995 0.481301609233855 0.481301609233855 0.255688033920762 0.255688033920762 0.828432357678778 0.949458149969846
"281" 0.713266520477597 0.732894350755319 0.477080471823298 0.181348537569854 0.181348537569854 0.156390919690645 0.156390919690645 0.33927529922544 0.600033222277808
"282" 0.791124076375711 0.701383673469362 0.548424103793829 0.168818037665133 0.168818037665133 0.0276918110092493 0.0276918110092493 0.212869098340176 0.735176481293793
"283" 0.772822217686765 0.730537084284189 0.644073377480486 0.155748818786528 0.155748818786528 0.000461859356142723 0.000461859356142723 0.472348483245436 0.675849483844153
"284" 0.563950254849987 0.493998669202017 0.374327543368688 0.0418691372955893 0.0418691372955893 0 0 0.178914656772981 0.514051903677457
"285" 0.795360984059553 0.736348865088334 0.64938469176147 0.15486820475594 0.15486820475594 0.0568021961110735 0.0568021961110735 0.394584593258888 0.706102284916683
"286" 0.960209388412542 0.984534597094721 0.952042166766522 0.718794422530497 0.718794422530497 0.547396826137214 0.547396826137214 0.943620909280553 0.967229907684563
"287" 0 0.00218915362036689 0 0 0 0 0 0 0.0649888885761433
"288" 0.000141024795424103 0.000520098801024734 0.000251975229160686 0.000110976607382581 0.000110976607382581 0 0 0.000499175056548792 0
"289" 0.464009746098777 0.453745891714258 0.203247202011157 0.00103147296299059 0.00103147296299059 0.049861742874746 0.049861742874746 0.322136985296336 0.31921345587857
"290" 0.64138847632734 0.706067651696269 0.372948306244658 0.151639022442447 0.151639022442447 0.00819509438171182 0.00819509438171182 0.233689426372128 0.540939079916512
"291" 0.867499070158645 0.878916271766403 0.44402102693145 0.292340384382514 0.292340384382514 0.130185344652607 0.130185344652607 0.535451382035007 0.909532694603993
"292" 0.00271339582384589 0 0.000310229035700375 0 0 0 0 0 0.0325903363608847
"293" 0.743927746031528 0.787274625131405 0.555663715470884 0.207452764955017 0.207452764955017 0.0752708113394078 0.0752708113394078 0.151874158353351 0.615890612071483
"294" 0.410710601882922 0.387419335948633 0.221768750998422 0.0212040478795301 0.0212040478795301 3.906598306659e-05 3.906598306659e-05 0.096043491328782 0.334462327162425
"295" 0.15386642601407 0.15612405768219 0.024001717167578 0.00080318668248627 0.00080318668248627 1.18353719328764e-05 1.18353719328764e-05 0.00710192961936955 0.0636388390031282
"296" 0.0236024148819437 0.0345231240385173 0 0.000704686664276585 0.000704686664276585 8.21404918298089e-07 8.21404918298089e-07 0.000816852453933043 0.00154160671023029
"297" 0.019857161234292 0 0.000315194634890118 3.62082994667358e-05 3.62082994667358e-05 5.02981780348252e-08 5.02981780348252e-08 4.64300724850878e-06 0.0635245606635383
"298" 0.398685835125105 0.364105600091097 0.212585359717617 0.0160665375516346 0.0160665375516346 0.00484508490962485 0.00484508490962485 0.0226895275614989 0.194650397041888
"299" 0.000115004589582452 0.000402228912825855 0.00021372986677249 9.06775111221044e-05 9.06775111221044e-05 0 0 0.000463495186280335 0
"300" 0.903381225618705 0.747343796306263 0.611469309884938 0.194797774373437 0.194797774373437 0.0838828112900334 0.0838828112900334 0.644059911332078 0.860172228192521
"301" 0.0828895631349382 0.0983779589662398 0.0435439039040784 0 0 0 0 0 0.03072806459487
"302" 0.408614501435307 0.425186813202253 0.346171979926725 0.334371109309858 0.334371109309858 0.0828254340470506 0.0828254340470506 0.306456859713038 0.511917284069692
"303" 0.942676366709396 0.957463381648557 0.918904874349039 0.634154868662379 0.634154868662379 0.483781603313656 0.483781603313656 0.911100318545517 0.9946506489291
"304" 0.861374032178933 0.749985420804394 0.402785210886173 0.0831688842687119 0.0831688842687119 0.0685057081529622 0.0685057081529622 0.22384990147522 0.703650808296183
"305" 0.361782255787664 0.33090388164005 0.182254680961918 0.0183774738649315 0.0183774738649315 0 0 0.0256964865435852 0.2573403146369
"306" 0.000558634266209278 0 0.00083345026117111 0 0 0 0 0.00063374767013415 0.000146686647085718
"307" 0.0947779440759016 0.104500618811555 0.0463226520782974 0 0 1.44953282967871e-06 1.44953282967871e-06 0.000324265051095615 0.00388137659712165
"308" 0.77564808416221 0.826415875982707 0.540194105181427 0.114132103906425 0.114132103906425 0.000754196139409014 0.000754196139409014 0.283368426387398 0.867443253642304
"309" 0.0194777282177371 0.0295923373543256 0.0148172481662525 0.00580668084804304 0.00580668084804304 0.000140500870406041 0.000140500870406041 0.00770854574688133 0.0792622949793369
"310" 0.262118503702578 0.189057320442337 0.0621343827315053 0.00146128705357321 0.00146128705357321 0.000137683220489077 0.000137683220489077 0.131079055313314 0.0653663516153782
"311" 0.450383928895828 0.435897862120668 0.240241247291704 0.0066500393421038 0.0066500393421038 0 0 0.0571080517605363 0.356025216309995
"312" 0.586982976001556 0.628785699718039 0.322079822305403 0.155087601399633 0.155087601399633 0.101622079548434 0.101622079548434 0.214916884447566 0.55340773345795
"313" 0.560492461429919 0.508393747323894 0.460808274616835 0.051583304579191 0.051583304579191 0.057798550889753 0.057798550889753 0.0800145658432924 0.34497693851409
"314" 0.184827977481635 0.268297837973642 0.062999964609059 0 0 0 0 0.0445213266780879 0.214109960264219
"315" 0.338735372594123 0.0193668576871539 0.00168896171114085 0 0 0 0 0.0837996477773817 0.40048705872359
"316" 0.790450959512935 0.726818595725757 0.610732985452997 0.237099915515482 0.237099915515482 0.0209087270187902 0.0209087270187902 0.323231154387391 0.643285822695356
"317" 0 0 9.68635996494305e-05 8.78617208297728e-06 8.78617208297728e-06 8.59460704720402e-09 8.59460704720402e-09 1.92805477772715e-06 0.0233397713665815
"318" 0.669007348498766 0.516862764894034 0.204781670999638 0.00118680228229264 0.00118680228229264 7.17785560618502e-05 7.17785560618502e-05 0.121015580960095 0.532427353920587
"319" 0.891547679223172 0.880913456574999 0.505936637866893 0.140759948695865 0.140759948695865 0.0718089786680985 0.0718089786680985 0.405877104543607 0.879257591870607
"320" 0.00245266837139871 0.0347252024859954 0.0267096621829904 5.15762036225549e-06 5.15762036225549e-06 0 0 6.63520236136116e-06 0.00146531576083111
"321" 0 0.000270540273303049 0 0 0 1.06606641914223e-05 1.06606641914223e-05 0 1.87506280895064e-05
"322" 0.813179300913892 0.785263825225088 0.517980117889965 0.120086720671995 0.120086720671995 0.0350013597159952 0.0350013597159952 0.389370744548848 0.849280444475272
"323" 0.308812957560265 0.339153516572455 0.108349824159421 0.000105722732056499 0.000105722732056499 5.82571924317847e-05 5.82571924317847e-05 0.00409045588023699 0.293877158347401
"324" 0.416259895038097 0.461410001711342 0.142120075142787 0.0266805534746128 0.0266805534746128 0.0134673796509637 0.0134673796509637 0.00985044353851056 0.235277978705698
"325" 0 0 0.000791466782079402 0 0 4.55932697622504e-09 4.55932697622504e-09 7.07099617433828e-06 0
"326" 0.0943258079426769 0.0598385572645361 0.064794280333745 0.000100800940766815 0.000100800940766815 1.79494495871801e-06 1.79494495871801e-06 0.002037982137089 0.00172696561046814
"327" 0.644155218212609 0.657430908399895 0.494940068005014 0.219304939866453 0.219304939866453 0.0549843563961528 0.0549843563961528 0.286688628792609 0.55666201126963
"328" 0.000867595933647418 0.000774443871280713 0.00098177971557424 0 0 0 0 0.000406763552706405 0.000163460384156596
"329" 0.0597586615080268 0.0831430396483439 0.0139604451362835 0.0245117594111977 0.0245117594111977 0.00041144362714374 0.00041144362714374 0.0254003486540556 0.0775096647345519
"330" 0.0804155258664852 0.0204310274643778 8.66129847315275e-05 0 0 0 0 0 0.0823625571496399
"331" 0.000689302873390701 0.00112134920640068 0.0221625194743646 0 0 0 0 0 0.00861896939901136
"332" 0.585937238293867 0.625009077880685 0.407879545116674 0.0847755044613099 0.0847755044613099 0.0805678032670086 0.0805678032670086 0.262589389731709 0.572008164195008
"333" 0.795220296224201 0.485824159371385 0.163744340065527 0.0514104065586257 0.0514104065586257 0 0 0.107298620920753 0.635091375453289
"334" 0.624317418812457 0.543609944121626 0.484166651424531 0.0777898634302282 0.0777898634302282 0.0220832278880662 0.0220832278880662 0.0554455804596666 0.363931797946258
"335" 0.000487483971353691 0.000467146393378299 0.000948714095716975 0.000130383026405908 0.000130383026405908 0.00383529801065091 0.00383529801065091 3.42919846369041e-06 0.000512110900069228
"336" 0.851772880437077 0.857343332951165 0.644703567780856 0.197926650817432 0.197926650817432 0.0569845974956477 0.0569845974956477 0.542710246917675 0.883737641784807
"337" 0.247296302514502 0.334985960201356 0.0596093138943937 0.0262475508534681 0.0262475508534681 0.00071217888686008 0.00071217888686008 0.0410848564486573 0.132489523805581
"338" 0.663961751860891 0.497876038974772 0.202125675511411 0.000195484649596358 0.000195484649596358 0 0 0.137950886689723 0.527999724754643
"339" 0.77509998387626 0.727288070307947 0.510419257237365 0.151870439773876 0.151870439773876 0.0218867312676486 0.0218867312676486 0.180502666407833 0.756626736640254
"340" 0.832395431896565 0.8049742229434 0.604864458588689 0.203137510184493 0.203137510184493 0.0532720476274324 0.0532720476274324 0.307206503671952 0.809302983282167
"341" 0.125643605548385 0.164686432271703 0.106356207989546 0 0 1.02978804517208e-06 1.02978804517208e-06 0.0261417563733444 0.0630260815880002
"342" 0.000251449584095194 0.000727384264801628 0 1.98757436624925e-05 1.98757436624925e-05 9.31732216760387e-06 9.31732216760387e-06 0 0.000466347005437009
"343" 0.117152153571549 0.209963536475156 0.0664391386892261 0 0 0 0 0.0445063901426302 0.0899536474342647
"344" 0.647731047548614 0.622419769267683 0.440504673507929 0.107844297096555 0.107844297096555 0.029447889277546 0.029447889277546 0.1770068937168 0.656505655623061
"345" 0.985340480884997 0.884470904066102 0.734706604414125 0.188292780038707 0.188292780038707 0.167128812394145 0.167128812394145 0.814719310975666 0.840815417719206
"346" 0.0436657479432434 0.0218200491195954 0.00125506593687641 7.46980789443942e-06 7.46980789443942e-06 0 0 0.00063721337547206 0.0228737605235185
"347" 0.476521018347712 0.427525468334802 0.217146126962233 0.0324079392644 0.0324079392644 0.0284958495381558 0.0284958495381558 0.0258598874947461 0.254443507790964
"348" 0 0 0.00049571447467138 0 0 8.00063293233186e-08 8.00063293233186e-08 0 0.00115826337956327
"349" 0.965922966772214 0.938117489924615 0.908584017533854 0.318019802958326 0.318019802958326 0.333343685016181 0.333343685016181 0.908568043201763 0.972078190998209
"350" 0.847990761399073 0.851155065294607 0.713508168498742 0.29433047764935 0.29433047764935 0.0852115159902242 0.0852115159902242 0.405140306647992 0.745225014547415
"351" 0.407107623401005 0.505672317548029 0.157052465344823 0.0253386058710343 0.0253386058710343 0.00051817608429433 0.00051817608429433 0.0109622224925373 0.272579295023169
"352" 0 0 0 0 0 0 0 0 0
"353" 0.0957294348689075 0.0497765866731742 0.0317156082908446 9.87545607927367e-06 9.87545607927367e-06 3.51431348465195e-08 3.51431348465195e-08 0.000151251598157166 0.0461368595870567
"354" 0.786178965654561 0.784605161096029 0.58540243012535 0.159928456495988 0.159928456495988 0.0217696713251682 0.0217696713251682 0.297356603637052 0.787622797487078
"355" 0.783002950929015 0.558696407997362 0.573193434986379 0.107579697083135 0.107579697083135 0.0425937195389902 0.0425937195389902 0.405849710389026 0.724172748739294
"356" 0.856590359738922 0.887707763285819 0.657136316275109 0.188594401935909 0.188594401935909 0.059667952781525 0.059667952781525 0.500617373327445 0.852974769949316
"357" 0.860270836226531 0.799086370450617 0.619496112268019 0.172337887641891 0.172337887641891 0.016690157272547 0.016690157272547 0.198441676987126 0.577717816873706
"358" 0.000948890524401081 0.000357905376998398 0.0003625688780307 0 0 4.37216430537666e-07 4.37216430537666e-07 3.31233109303468e-06 0.00331742543900605
"359" 0.746842028122479 0.702825741120246 0.438022466084901 0.161625620682659 0.161625620682659 0.000537039545804167 0.000537039545804167 0.281133184096316 0.559941557900029
"360" 0.240954135451421 0.328335458404053 0.0844035051430915 0.0217285053520865 0.0217285053520865 0 0 0 0.225427042628841
"361" 0.398849034331617 0.22548671374011 0.0420215882226087 0.0315455343348201 0.0315455343348201 0.00101646031818235 0.00101646031818235 0.106234255030172 0.481685158807256
"362" 0.590615496634219 0.266964470133306 0.172780700170372 0.00458473362788758 0.00458473362788758 0.0707245792261221 0.0707245792261221 0.177481108901029 0.668711012704504
"363" 0.873185895970196 0.892681847623431 0.837965672266828 0.674972367941213 0.674972367941213 0.393498029511842 0.393498029511842 0.607265195542923 0.794324514258283
"364" 0.00140249630892584 0.00256469675367874 0.0129473555409961 4.98203119321258e-06 4.98203119321258e-06 3.14645137161997e-08 3.14645137161997e-08 9.77450705966844e-06 0.0173152567673095
"365" 0.0460282194664028 0.00655543750650657 0 0.000329109881876789 0.000329109881876789 0 0 4.5691463006683e-05 0.00635853389841404
"366" 0.00559106909713292 0.00664400702756021 0 0.000137022132230484 0.000137022132230484 0 0 0 0.025113640373486
"367" 0.000340464451930139 0.000463207120343568 0.000374637727248673 1.52587017001171e-05 1.52587017001171e-05 0 0 1.82905453919805e-05 0.00287191469533862
"368" 0.0565554608267054 0.0536253116786709 0.00327593926491449 0.000380210479589764 0.000380210479589764 7.50317970505842e-07 7.50317970505842e-07 0 0.046726706668693
"369" 0.362894236980142 0.29105851151252 0.122117908383175 0.164894295034098 0.164894295034098 0.000270073716500675 0.000270073716500675 0.184510723893323 0.427784103263128
"370" 0.0932586107131937 0.103955799693582 0.035938154248569 0.00108684970987771 0.00108684970987771 0 0 0.0470845236665876 0.14380084330635
"371" 9.49933624358715e-05 0.000524365270446299 0.000582262029403888 2.20135115747757e-05 2.20135115747757e-05 9.69824569519121e-07 9.69824569519121e-07 0.000184480719519939 5.43977473387844e-05
"372" 0.140559309189028 0.130972529903179 0.0208221417541134 4.0546158892522e-05 4.0546158892522e-05 0 0 0.0203142074829994 0.0681785403302173
"373" 0.116514200951584 0.240099058136576 0.0498431507232601 0.0195371925683791 0.0195371925683791 0 0 0.000258540427980722 0.100397860604066
"374" 0.000321867210317563 0.0003025641475131 0 0 0 1.10897286938775e-06 1.10897286938775e-06 0 0.00042818386994829
"375" 0.0469655652669972 0.0223724252758353 0.0216157917973256 0.000514498269331649 0.000514498269331649 0 0 0 0.0348285137306439
"376" 0.000618745626515002 0.00104895833269712 0.000463461807534061 0.000191012385910415 0.000191012385910415 4.84898868491225e-06 4.84898868491225e-06 0.000390867503686484 0.000234623130668618
"377" 0 0 0 0 0 0 0 0 0
"378" 0.000657163904184989 0.000584881161513999 0.000276764005089611 9.33221046395897e-07 9.33221046395897e-07 0 0 2.69293688652508e-06 0.000349415260785417
"379" 0.00084403273252601 0.000136671128117774 3.63966938521556e-05 1.39155414101027e-05 1.39155414101027e-05 0 0 2.93960179629149e-06 0.000753317159430183
"380" 0.000272771890808296 0.000687791356179227 0.000234208578029041 3.80683838595116e-05 3.80683838595116e-05 0 0 0.000465530152486537 0
"381" 0.114515273565877 0.131681524178792 0.0396534218455972 0.000745863403190014 0.000745863403190014 1.41500532899073e-05 1.41500532899073e-05 0.00568399413941146 0.0960119998079105
"382" 0.0440776427249652 0.0388546301802898 0.00470765306153233 0.000265197193619678 0.000265197193619678 2.61615232802198e-05 2.61615232802198e-05 0.0246315133496667 0.0580015657099751
"383" 0.162694664585395 0.29382230636455 0.114372337718185 0.00216356252338255 0.00216356252338255 0 0 0 0.1525448890127
"384" 0 0.00045877213447423 0.000455277848771629 0.000150173941754751 0.000150173941754751 0 0 0.000560848322593312 2.14962145961437e-05
"385" 0 0 0 0 0 2.93093139409698e-06 2.93093139409698e-06 7.60226518048227e-05 1.53685685478844e-05
"386" 0.835974999046965 0.716946600682637 0.330864167705351 0.0994324522659013 0.0994324522659013 0.0274808412501863 0.0274808412501863 0.193153962820426 0.678277016891691
"387" 0.920802038882595 0.820164439189509 0.595186758828524 0.172379775357997 0.172379775357997 0.0670417189582226 0.0670417189582226 0.383779855557191 0.85771883073471
"388" 0.259869128068596 0.303096079383046 0.114414502719729 0.0301825649997144 0.0301825649997144 0 0 0.0704387501890695 0.263658221256288
"389" 0.0636452629369805 0.0135166254250344 0.0159287266929874 0.000249437956504372 0.000249437956504372 0 0 0.0091977878123412 0.0528805779378789
"390" 0.844634638046873 0.726433185009088 0.323687593647453 0.111280253278202 0.111280253278202 0.0311149618671 0.0311149618671 0.181833910967522 0.681190923889033
"391" 0.00013262053732193 0.000120941350428394 8.68760313424992e-05 0 0 2.97671124825494e-06 2.97671124825494e-06 0.000362937488437056 0.000976458525018002
"392" 0.000465225142782947 0.000471165920999512 0.000793223864088734 0.000112974488112407 0.000112974488112407 0.0192823875769133 0.0192823875769133 0 0.000493633279798896
"393" 0.737787840428338 0.667244815360775 0.493418653995801 0.129473349379761 0.129473349379761 0 0 0.204922657860226 0.663567962311786
"394" 0.131054403704157 0.13182042039452 0.0279961717675066 0.000307382704112555 0.000307382704112555 0 0 0.0148751167928569 0.078390055897433
"395" 0 0.000298651135972042 0 0 0 0 0 0 3.07032798460778e-05
"396" 0.84299342926226 0.885194439348507 0.602653732607446 0.12550152516815 0.12550152516815 0.12807766120268 0.12807766120268 0.25148154581204 0.85318981793668
"397" 0.597494280141087 0.588867498208487 0.35285207602971 0.0958087839240039 0.0958087839240039 0.000540919488428432 0.000540919488428432 0.152415055459049 0.458855214812929
"398" 0.689150467687066 0.687487394691913 0.398409594434722 0.121158797866655 0.121158797866655 0.0261388767588961 0.0261388767588961 0.278615356256609 0.660990315024535
"399" 0.360293531612081 0.355406879915659 0.20102317719607 0 0 0 0 0.050965150004026 0.29408458068958
"400" 0.515336769727021 0.490464163437847 0.413657570255071 0.0707242892108084 0.0707242892108084 0.0545371903997727 0.0545371903997727 0.108447957994754 0.359647046833036
"401" 2.31515156470504e-05 0.000481696354356554 0.000864929178066815 0 0 3.17550657780959e-09 3.17550657780959e-09 0 0.000387644919935865
"402" 0.295564230292654 0.261041257507256 0.15442554977702 0 0 0 0 0.00891686293441858 0.209666469436806
"403" 0.000738800514476687 0.000174394824749372 0.000287377849612439 1.09837515745143e-06 1.09837515745143e-06 0 0 1.96115354372142e-06 0
"404" 0.106392415132678 0.0674454418175806 0.0276691315595076 2.34514070066517e-06 2.34514070066517e-06 3.02001906838045e-07 3.02001906838045e-07 0 0.193454124679372
"405" 0.000342052581787309 0.000893506262661413 1.91154093384613e-05 9.45930395929103e-05 9.45930395929103e-05 0 0 5.82734816346404e-06 0.000455252773736526
"406" 0.0821689032697217 0.0236363114981533 0.00255903891180026 2.38055449027762e-05 2.38055449027762e-05 3.95321716738275e-07 3.95321716738275e-07 4.98408533526044e-05 0.0623321753048161
"407" 0.0461520375108739 0.00820476360636339 0.000507147314476125 0.000263322107492265 0.000263322107492265 1.33582090182676e-05 1.33582090182676e-05 0.00393937194911891 0.05294520490696
"408" 0.154307122698827 0.163570571394814 0.0219135841596104 0.000472871048428536 0.000472871048428536 1.60548857281189e-05 1.60548857281189e-05 0.00392594922039647 0.0552645667902137
"409" 0.294669618242 0.375859745170215 0.0961640157959973 0.0227722276035182 0.0227722276035182 0.00229984471618514 0.00229984471618514 0.00388228135677307 0.169659665795
"410" 0.00569575668114092 0.0181616176428454 0.00528008570886374 0.00463483003044077 0.00463483003044077 7.25152518308079e-06 7.25152518308079e-06 0.00371313963640539 0.00953429413206134
"411" 0.576090368868844 0.560526715872354 0.310334949233958 0.038165792826078 0.038165792826078 0.000177754325012401 0.000177754325012401 0.177608766057558 0.635085313548012
"412" 0.000559265059190877 0.000276602183246965 0.000156074230771054 4.79919164217965e-06 4.79919164217965e-06 0 0 4.10759934073811e-06 0
"413" 0.758596226603543 0.711829109470941 0.380440402432985 0.192730906641275 0.192730906641275 0.0746999034608279 0.0746999034608279 0.499892776983295 0.689094989290284
"414" 0.913116074255266 0.865523223903982 0.701812416821007 0.264211722498331 0.264211722498331 0.129264329877644 0.129264329877644 0.735665164608619 0.884434671359592
"415" 0.679997665730936 0.688138783257911 0.444877500507786 0.147265813582639 0.147265813582639 0.0290725782835001 0.0290725782835001 0.194385529738506 0.568254173343772
"416" 0.55897736282415 0.535124271797455 0.222524363714282 0.0617981647958901 0.0617981647958901 0.000409678300783676 0.000409678300783676 0.199636941029193 0.370593698088062
"417" 0.908615979758273 0.891320227009634 0.812902705361609 0.457089755922979 0.457089755922979 0.0796968180254024 0.0796968180254024 0.465888093474973 0.870151409850213
"418" 0.485035705712881 0.411082654749863 0.172048602048293 0.00142798873396686 0.00142798873396686 4.60655131877425e-05 4.60655131877425e-05 0.0525613088701549 0.474897161899875
"419" 0.36548197591113 0.411904591350619 0.0895855582897911 0.0292236674374193 0.0292236674374193 0.0387836378210747 0.0387836378210747 0.0178859149769468 0.16057445740102
"420" 0.000329640038398729 0.00036954129987956 0.000348634340875343 0 0 2.11540891919764e-07 2.11540891919764e-07 0 0.000460934006792964
"421" 0.112442833108621 0.0147701578129082 0.000126847285718419 0.000172010190798919 0.000172010190798919 0 0 0.000336373339789942 0.0444216802744189
"422" 0.00103077327181568 0.00287920044565005 0.000211950371870231 0 0 0 0 3.27593730947375e-05 0.0211907086376673
"423" 0.568911205877912 0.546870024706733 0.365947280631448 0.0423065589358295 0.0423065589358295 0.0471548199788028 0.0471548199788028 0.0440458149979654 0.306241119277086
"424" 0.000334506251572453 0.000428010166471468 0.000122045008648201 0.000251862804234444 0.000251862804234444 5.00219239333191e-06 5.00219239333191e-06 0.000686516497435156 0
"425" 0.207275233854762 0.346168747313832 0.289616243410102 0.33012276607568 0.33012276607568 3.34813370734023e-05 3.34813370734023e-05 0.267502585057725 0.512593917985929
"426" 0.323200212376618 0.0492040157294364 0.00487713132791759 0 0 0 0 0.131833940202605 0.314608654416794
"427" 0.607781867968056 0.527396314109447 0.434353060687946 0.0783485980418377 0.0783485980418377 0.033646201551762 0.033646201551762 0.0987490381811896 0.322613417897328
"428" 1.90942328040161e-05 0.00331928276764153 0.00138476267863668 0.00106716302618026 0.00106716302618026 0 0 0.00159436673156305 0.00235763078373076
"429" 0.000154977169648593 0 0.000431255555334404 3.82556513058422e-05 3.82556513058422e-05 2.07005682156518e-07 2.07005682156518e-07 7.93130445354065e-05 0.000816464187852488
"430" 0.760805985560866 0.716840685049051 0.552205527643231 0.213396831921731 0.213396831921731 0.01833521842158 0.01833521842158 0.350486021958004 0.642802850859022
"431" 0.966890436161316 0.846177603273699 0.648091695272296 0.197917383108557 0.197917383108557 0.23084775957637 0.23084775957637 0.559042688926565 0.796075392747446
"432" 0.504202477025186 0.39481954124765 0.373283367654384 0.0567148352627864 0.0567148352627864 0.00232125672413975 0.00232125672413975 0.0462505676659359 0.329654482271013
"433" 0.729840660032085 0.683808036428091 0.511480485487502 0.122672879911236 0.122672879911236 0.000101361389504095 0.000101361389504095 0.19649851483944 0.662602726468078
"434" 0.658583529269812 0.611201011628146 0.434251047542702 0.176881409811065 0.176881409811065 0.0398369702284548 0.0398369702284548 0.0565110556561351 0.420261320676512
"435" 0.880136006469856 0.863114200405713 0.771209599790732 0.425248069219213 0.425248069219213 0.332084749774289 0.332084749774289 0.759943398932999 0.873375369617953
"436" 0.887783620933381 0.853267901806883 0.824703720653151 0.417297551617197 0.417297551617197 0.316848431591484 0.316848431591484 0.746432869246594 0.865904052876323
"437" 0.935324800273267 0.888849366332271 0.673056210754458 0.331588007616301 0.331588007616301 0.155180308907938 0.155180308907938 0.668667031074129 0.948073522226441
"438" 0.13430423330166 0.0328614359708427 0.000672676260400898 9.02035667975832e-05 9.02035667975832e-05 1.15863172941405e-05 1.15863172941405e-05 0.0192624597347026 0.0252318374109767
"439" 0.731833438113728 0.664874804552895 0.564730412043097 0.136666989175104 0.136666989175104 0.0229846327801905 0.0229846327801905 0.231269275445621 0.700684296708712
"440" 0.149268852632599 0.213414822535823 0.0211778338976428 0 0 0 0 0 0.113973759595898
"441" 8.42862337174806e-05 0.000150018587021233 0 0 0 5.16177662152549e-06 5.16177662152549e-06 6.72437934232821e-05 0
"442" 0 0.00187284985085934 0.000369642348399642 6.49415341779846e-05 6.49415341779846e-05 0 0 0 0
"443" 0.309586866365103 0.340319042130245 0.433580700097173 0.365206106417663 0.365206106417663 0 0 0.2263564076264 0.517458969519232
"444" 0.243090877852599 0.33693041081967 0.106309475073612 0.0149816349548295 0.0149816349548295 0.00122110589985735 0.00122110589985735 0.0523835453007865 0.244821801585328
"445" 0.817341200101803 0.789381077963801 0.580104972748358 0.196271233482038 0.196271233482038 0.0270323070770121 0.0270323070770121 0.359107425247182 0.700093807253372
"446" 0.554194125472592 0.517166250461279 0.0845189054606343 0.117666587747227 0.117666587747227 0.000134780068889436 0.000134780068889436 0.272643481708312 0.701462173724087
"447" 0.767424636641892 0.671414136540554 0.457156534473962 0.103885029736448 0.103885029736448 0.0496078357373655 0.0496078357373655 0.352387987926297 0.756330907504185
"448" 0.823323274533021 0.847219007301568 0.711554966378893 0.2061639565924 0.2061639565924 0.0620736230871881 0.0620736230871881 0.460847687574043 0.88182504854788
"449" 0.000699954819993132 0.00017196495051136 5.73619793475656e-05 1.60106992410476e-05 1.60106992410476e-05 7.15958270106443e-05 7.15958270106443e-05 0 2.63881618222038e-05
"450" 0.870388362812608 0.893111580582127 0.560099201518944 0.294234199822958 0.294234199822958 0.0634612645880649 0.0634612645880649 0.705738111746893 0.913487779166073
"451" 0.991039356712442 0.992060384479529 0.787385588216349 0.594283924076833 0.594283924076833 0.665905718650361 0.665905718650361 0.758236287612283 0.948968694456213
"452" 0.00374480366514526 0.00596066425033066 0 9.06385197102149e-05 9.06385197102149e-05 5.12401963939455e-06 5.12401963939455e-06 0.000632244113736827 0.000577871214250746
"453" 0.000209881988888774 0.000648542889029922 0.000503035483852535 0.000209500118761865 0.000209500118761865 4.56249704604207e-06 4.56249704604207e-06 0.000543942632533375 0.00021792032862647
"454" 0.00339643139238744 0.00216792549116714 0.000323848232711653 0.000211917087687971 0.000211917087687971 2.40118694836236e-06 2.40118694836236e-06 0.00113259623094983 0.000304577468578842
"455" 0.0107871341970943 0.00379658451512728 1.66619343718204e-05 9.05265294828673e-05 9.05265294828673e-05 1.85460279477311e-06 1.85460279477311e-06 4.91496062764905e-07 0.0229036091011656
"456" 0.000462475764547971 0.000928721309301444 0.000195731219374634 4.12890290592071e-05 4.12890290592071e-05 1.15658572768167e-06 1.15658572768167e-06 0.000562633711134035 0
"457" 0.765737928429243 0.663876588818375 0.472137112534165 0.118518427705902 0.118518427705902 0.000335775798891119 0.000335775798891119 0.34782789518303 0.692438654354195
"458" 0.17515232440501 0.268096368852998 0.0880289869346042 0.0252886170228559 0.0252886170228559 7.95797974674787e-05 7.95797974674787e-05 0.0226700795909644 0.121539481111476
"459" 0.00473753991559532 0.00432476557447585 0.000701563539353418 0.000930323326488614 0.000930323326488614 2.28221828576843e-05 2.28221828576843e-05 0.00130558763513772 0.00179136597754377
"460" 0.367548550289811 0.330897763480488 0.176166302847087 0.0168929378316807 0.0168929378316807 1.09653117349189e-05 1.09653117349189e-05 0.0333945974263253 0.259801076310858
"461" 0.0634713054283056 0.0187542835458755 0.0161137333982048 0 0 5.07015792974147e-05 5.07015792974147e-05 0.025561801771551 0.0622818790946522
"462" 0.524466369882075 0.467113391330446 0.207870965420119 0.0356955752871212 0.0356955752871212 0 0 0.327481605945623 0.572805288131263
"463" 0 0 0 0 0 0 0 0 0
"464" 0.459405005271837 0.365216267687843 0.223953813546301 0.0300305519325436 0.0300305519325436 0 0 0.00171143625618076 0.402799841170178
"465" 0.911303985490684 0.963069071275845 0.851279790688133 0.488645677448219 0.488645677448219 0.405156957042031 0.405156957042031 0.784505345416033 0.961780437855162
"466" 0.0271080121486426 0.0459042381617859 0 0 0 0 0 0 0.00235053208731602
"467" 0.000273581552504834 0.000360174137669191 0.000231741183419964 0.000215151352677778 0.000215151352677778 0 0 0.000361328008558936 0.000178041612848164
"468" 0.338663060056274 0.115002171319536 0 0.00106151683074314 0.00106151683074314 0 0 0.0555051238160891 0.115963116479759
"469" 0.520141254852432 0.424995628823759 0.239436029744969 0.0895370439308333 0.0895370439308333 0.000714274337452947 0.000714274337452947 0.304486618653211 0.59731153437477
"470" 0.00141841540022863 0 0.000294286113881767 0 0 2.46511285269709e-07 2.46511285269709e-07 0.000958296207084121 0.000108716006824998
"471" 0.661341615875487 0.644374782031168 0.296406609438638 0.185968557288864 0.185968557288864 0.0424373103359269 0.0424373103359269 0.585150182243758 0.612728232452293
"472" 0.00892152213249632 0.00819184664055482 0.0174669226596946 0.000295279074633595 0.000295279074633595 1.82641418842478e-05 1.82641418842478e-05 0.000514608260668856 0.0632136456495672
"473" 0.68607331018467 0.588280455498885 0.273700940012374 0.0714593165414988 0.0714593165414988 0.000254036220379529 0.000254036220379529 0.158141011580596 0.654587678019332
"474" 0.00808361851732189 0.0171172410002286 0.0129291984234678 0.00858399067252134 0.00858399067252134 0 0 0.00455223104293526 0.0096567834428872
"475" 0.000146085115808861 0.000231318882449613 3.46173265373155e-05 0 0 6.55243369648155e-07 6.55243369648155e-07 0.000231827776207148 0
"476" 0 9.18362490187076e-05 5.67044614985877e-05 0.000329318901207229 0.000329318901207229 4.95022990364106e-06 4.95022990364106e-06 0.000573098206516854 6.31600636698781e-05
"477" 0.520404349500012 0.455735973961192 0.204662590293379 0 0 0.000129612581329396 0.000129612581329396 0.114547245698895 0.477656874960776
"478" 0.144860399967294 0.132843468184413 0.0682455634299749 0 0 3.91654366608292e-05 3.91654366608292e-05 0.0741310041882371 0.205299042863905
"479" 0.000691151054450566 0.000272714290769671 0.000143067289043302 8.62661141534942e-07 8.62661141534942e-07 6.46323129047987e-07 6.46323129047987e-07 1.31132207036864e-06 1.19784622266684e-05
"480" 0.0404326680932466 0.0289669295797493 0 0.000229620212768757 0.000229620212768757 6.92010299472797e-07 6.92010299472797e-07 1.01954978044143e-06 0.00198853101761503
"481" 0.00366666087308175 0.004307384232289 3.83594628996076e-05 3.84456606092185e-05 3.84456606092185e-05 0 0 0 0.00100562184588185
"482" 0.521353845010639 0.457949705734549 0.232343140688236 0 0 0 0 0.101819072627504 0.421205271342776
"483" 0.857785044632513 0.886066191004633 0.637495021988223 0.171511368346671 0.171511368346671 0.0642416665050886 0.0642416665050886 0.495791654630845 0.857755479430633
"484" 0.507158963928825 0.463638515811666 0.222505187091134 0.00143972739065416 0.00143972739065416 0.000358475011517109 0.000358475011517109 0.0933440847449681 0.372721407832465
"485" 0 0 0 0 0 0 0 0 0
"486" 0.86015886363865 0.841251201218027 0.371495990018872 0.176178162759742 0.176178162759742 0.110711714082798 0.110711714082798 0.329115726280939 0.834151674324283
"487" 0.0194536946918666 0.00273404836219555 0 9.44601924259253e-05 9.44601924259253e-05 0 0 0 0.0094533163808966
"488" 0.532141041952372 0.51801417614385 0.350556942063183 0.0478047305609575 0.0478047305609575 0.0420203906782077 0.0420203906782077 0.0458189172673139 0.310148201913093
"489" 0.817320686677821 0.766103240957562 0.56650625230945 0.160779830785361 0.160779830785361 0.0610327170155037 0.0610327170155037 0.340642289260628 0.686274248153075
"490" 0.50901916328276 0.455731394542019 0.169834800654901 0.0402688358633517 0.0402688358633517 0 0 0.0897502044736993 0.415261898146289
"491" 0.562173814375894 0.528732045236073 0.169020788678038 0.00345762850735768 0.00345762850735768 0.000642365547681935 0.000642365547681935 0.0530874744989692 0.418024299420412
"492" 0.0195480352886078 0.0214895889598788 0.000208189670888497 7.53656384228013e-06 7.53656384228013e-06 2.49742123645668e-08 2.49742123645668e-08 9.19889127269435e-06 0.0230744199816241
"493" 0.068592361042912 0.0150388314526075 0.01573648341495 0 0 2.81631645649315e-05 2.81631645649315e-05 0.0152348117030452 0.0667164119294171
"494" 0.427729179003355 0.377702937145453 0.207886262120532 0.0270166828683083 0.0270166828683083 0.0176865467581666 0.0176865467581666 0.0225979073521974 0.213262830691877
"495" 0.255459846602471 0.292860519909281 0.100936839538464 0.0151635756581333 0.0151635756581333 2.69225363619586e-05 2.69225363619586e-05 0.0514464762192329 0.25922690040622
"496" 0.000239201910821879 0.000385395758782902 9.06557005648109e-05 0 0 9.66227335892878e-08 9.66227335892878e-08 9.09684059193947e-08 1.39664672518994e-05
"497" 0.000610016122157586 0.000294975785344434 0.0012247410869453 0.000142552115399112 0.000142552115399112 0 0 1.32200785031517e-05 0.000616946154804403
"498" 0.646394725874322 0.606290130017356 0.482497329360724 0.115655941991531 0.115655941991531 0.000112051453952473 0.000112051453952473 0.230138472551833 0.510684022535745
"499" 0.711851606487946 0.462230197718281 0.177895329437085 0.00070567103634546 0.00070567103634546 4.59658678329387e-06 4.59658678329387e-06 0.116434620697933 0.54529029915935
"500" 0.000496842956693114 0.000266879186013777 0.00011491398295112 0 0 1.2962251695428e-05 1.2962251695428e-05 0 5.12910387096068e-06
"501" 0.369024519852335 0.412628877051068 0.143935316592022 0.0229984221928226 0.0229984221928226 0.000236412055298477 0.000236412055298477 0.0889281808087553 0.276387101422253
"502" 0.425154028408866 0.425631953655956 0.113148527269909 0.0223687304933838 0.0223687304933838 0.00265191761995435 0.00265191761995435 0.0260921622945383 0.198924306750007
"503" 0.337553994947051 0.178652429163282 0.0767526870474429 0.0336819765577285 0.0336819765577285 0 0 0.00268223252005773 0.214563442275923
"504" 0.000165841103279236 0 0.000474166621933866 0 0 0 0 0.000565592876004063 0.00302915114553896
"505" 0.918173661048901 0.867240790242367 0.826225531937877 0.320481053581318 0.320481053581318 0.0739480694773664 0.0739480694773664 0.521711955459589 0.880138247923056
"506" 0.623035510082202 0.553761542969556 0.331785300041816 0.158714081600859 0.158714081600859 0.156251847157328 0.156251847157328 0.247602900310539 0.53628965793517
"507" 0.109453420532605 0.101406467796008 0.00206958625927109 0 0 0 0 0 0.0778897858767036
"508" 0.0619595123105204 0.0654094513551718 0.00116826190582536 0.00114432602318333 0.00114432602318333 6.00295925365706e-07 6.00295925365706e-07 0.0294075844504193 0.0327316204868287
"509" 0.253086373929914 0.291362995883542 0.0525857027395054 0.00485716567280136 0.00485716567280136 0 0 0.0282002269923649 0.181011752368675
"510" 0.0347528133055461 0.0200075465113343 0.020525493706177 0 0 0 0 0.00614757733224191 0.0391717927860382
"511" 0.589974935792815 0.461194473503985 0.245852424136127 0.00312212819779345 0.00312212819779345 0.0261874913905378 0.0261874913905378 0.13272367564281 0.531697176770236
"512" 3.09753131426545e-06 0.0207244028236354 0 9.16261025080854e-08 9.16261025080854e-08 2.13936466641575e-07 2.13936466641575e-07 8.05339419383965e-07 0
"513" 0 0 0.00042227389928363 0 0 0 0 0 0
"514" 0.50363262783165 0.547183470168624 0.1860971452416 0.0232130675225895 0.0232130675225895 0.0464866169822252 0.0464866169822252 0.104488416443464 0.410949884675264
"515" 0.000157791393220144 0.0094308281767259 5.91998996562756e-05 0 0 1.65423651637174e-07 1.65423651637174e-07 2.43232145657293e-07 2.39147399843253e-05
"516" 0.000293526098200607 0.000278251617803946 0.000131227336733204 0 0 5.89883208549759e-06 5.89883208549759e-06 0.000404801659592499 0.000309171106497577
"517" 0.000492127764331816 0.000378851698239769 0.000146962913018633 0 0 2.36926756239441e-07 2.36926756239441e-07 2.99333446824015e-07 0.000323033885009025
"518" 0.000302618624741753 0.000848207050123064 9.51331989931262e-06 4.64781906752347e-05 4.64781906752347e-05 3.37240464814619e-07 3.37240464814619e-07 2.1106510377946e-06 0.00049690319286286
"519" 0.296549667548746 0.445249576700655 0.420149775864633 0.252289960563163 0.252289960563163 0.000208419964476067 0.000208419964476067 0.26467015914423 0.560549210897479
"520" 0.00165625324993874 0.0343589483155617 0.0178683161487208 0 0 2.91903142145922e-07 2.91903142145922e-07 0 0.000733882624711602
"521" 0.321978579822139 0.412848283969272 0.1168193910139 0.0213851555936618 0.0213851555936618 0.0224936576659607 0.0224936576659607 0.0236689064279162 0.174127649252885
"522" 0.707140859234408 0.713047920944695 0.477201497384127 0.0868184726371175 0.0868184726371175 0 0 0.302612178666034 0.596525969635485
"523" 0.50837176521053 0.167737812646039 0.0406866986573189 0 0 5.37801307831306e-05 5.37801307831306e-05 0.182192640287006 0.394803143943285
"524" 0.75846890341295 0.717729140369074 0.49386903852109 0.209083430828385 0.209083430828385 0.0868813835826969 0.0868813835826969 0.368393671646119 0.654328958681167
"525" 0.596880163270055 0.570157919533832 0.244718436846751 0.107585996275024 0.107585996275024 0 0 0.182275575824224 0.433591773645942
"526" 0.839932249382891 0.914442912658521 0.845777684203406 0.769192996903828 0.769192996903828 0.385309753118609 0.385309753118609 0.636572899762472 0.872782153190195
"527" 0.998937432208535 0.999044771236278 0.992409881011273 0.984970382796711 0.984970382796711 0.952164484439201 0.952164484439201 0.97996675283523 0.998400981253668
"528" 0.98252620124993 0.981397365441292 0.992953726963658 0.889132961904665 0.889132961904665 0.87123871243034 0.87123871243034 0.975230884581191 0.975022833534481
"529" 0.640216277676709 0.578182563343176 0.689844846334182 0.484346054060149 0.484346054060149 0.119986105107553 0.119986105107553 0.477111938800351 0.569943902937821
"530" 0.40153949504816 0.336391981849475 0.420373347536637 0.157114445194152 0.157114445194152 0.0418408822801513 0.0418408822801513 0.250697404743506 0.384205127899695
"531" 0.372755963695195 0.271007582879908 0.482968473625864 0.186743222521657 0.186743222521657 0.034090504245748 0.034090504245748 0.262905164813699 0.36803445614872
"532" 0.901966811374831 0.781960225469483 0.893682330260909 0.40001507540346 0.40001507540346 0.218610536940294 0.218610536940294 0.599187689416958 0.85254968770566
"533" 0.982822220748734 0.977911936152283 0.992014054088728 0.703667560275492 0.703667560275492 0.817079056290127 0.817079056290127 0.956233984018676 0.97619017306886
"534" 0.659253584207103 0.527606809738062 0.635100144326662 0.254103548665038 0.254103548665038 0.0686516039706405 0.0686516039706405 0.394912176011927 0.567589386302583
"535" 0.386711962890801 0.334529977465625 0.317266907428993 0.0591097989164275 0.0591097989164275 0.024837377418033 0.024837377418033 0.184561016941074 0.339322504478071
"536" 0.739571494760344 0.65963690803543 0.687482374335712 0.485617866842357 0.485617866842357 0.122025828939655 0.122025828939655 0.511734456213314 0.64696177013268
"537" 0.172280305555392 0.184658210311946 0.181384844089295 0.0279882981123932 0.0279882981123932 6.87903039598611e-05 6.87903039598611e-05 0.0638686444150648 0.165465641047577
"538" 0.954089632683535 0.9563268267084 0.940972727061283 0.624505352744317 0.624505352744317 0.651640078093878 0.651640078093878 0.923154520897461 0.973462464787424
"539" 0.877334353896722 0.829475246968503 0.872823358387984 0.571926918808721 0.571926918808721 0.270059548269735 0.270059548269735 0.762013168064665 0.915778167532392
"540" 0.884474515360028 0.838978183798787 0.875858732044048 0.546303132968036 0.546303132968036 0.233047102597287 0.233047102597287 0.749044268916488 0.923795443865013
"541" 0.172393391089891 0.181751592062842 0.155401228577391 0.0171885349877306 0.0171885349877306 0 0 0.0472761369984027 0.122762818572107
"542" 0.94557825609323 0.958802567285123 0.972862052200762 0.957364506477473 0.957364506477473 0.465767555413041 0.465767555413041 0.755663159433274 0.871907210605783
"543" 0.98446345043575 0.994164344350842 0.993774749433342 0.934679804262172 0.934679804262172 0.838527828993958 0.838527828993958 0.988146969592355 0.995388070507477
"544" 0.995157427774226 0.971158798417299 0.980298294520844 0.886046605261583 0.886046605261583 0.586990315977275 0.586990315977275 0.941815224273181 0.966933780987899
"545" 0.998388416779143 0.997051768305052 0.995330282670656 0.984072276765518 0.984072276765518 0.971664901599985 0.971664901599985 0.989754394152655 0.986711929718578
"546" 0.154288187666484 0.210063240851143 0.25998965619538 0.0688360621590345 0.0688360621590345 0 0 0.117303238219062 0.128061830189677
"547" 0.806911903822609 0.868621673042992 0.883947593123539 0.727625380415833 0.727625380415833 0.159668391132233 0.159668391132233 0.542093087620028 0.692353766966513
"548" 0.972236893884995 0.975765630344868 0.988623321923903 0.561511695705992 0.561511695705992 0.808764492401145 0.808764492401145 0.924836620614783 0.976039582061628
"549" 0.921156094549997 0.828906259402909 0.860846280591249 0.557323758585838 0.557323758585838 0.345595506064581 0.345595506064581 0.807553809031989 0.933602141903593
"550" 0.518725696372464 0.488618919169902 0.608589543559725 0.231125187200019 0.231125187200019 0.0466948841984797 0.0466948841984797 0.240552754379533 0.537171182378743
"551" 0.394937437890238 0.4505655959605 0.448144331316708 0.113562199658117 0.113562199658117 0.0208787156101339 0.0208787156101339 0.224515267742411 0.398869717173472
