"V1" "V2" "V3" "V4" "V5" "V6" "V7" "V8" "V9"
"1" 0.0239467451546542 0.0166930306330669 0.0234463142959619 0.0166958782671379 0.0166958782671379 0 0 0.000210537447929181 0.00637343553349382
"2" 0.00393615417481618 0.0118027373975026 0.0110454753420766 0 0 0.0281213343124298 0.0281213343124298 0.0225650492245696 0.0103492794671456
"3" 0.0251298829837955 0.0235797458418096 0.0181156726465453 0.00341901193701306 0.00341901193701306 5.07514738588919e-07 5.07514738588919e-07 0.002715053440608 0.0166005345640134
"4" 0.0593101252452386 0.0352326624844137 0.0357157620573653 0.0169207729844811 0.0169207729844811 4.64084524632111e-05 4.64084524632111e-05 0.0323165430474278 0.0639444039324209
"5" 0.0579122292107924 0.0308743290249734 0.0342838286586265 0.0209573248022242 0.0209573248022242 8.6567731542872e-06 8.6567731542872e-06 0.0310971812223512 0.0566507619825695
"6" 0.0609597129776097 0.0359538276973975 0.0464762855192981 0.0109676592612006 0.0109676592612006 7.44616713941855e-06 7.44616713941855e-06 0.0106417679598794 0.0509158970041373
"7" 0.0139881348467693 0.0264038977927023 0.0133922593505981 0.0157400239301052 0.0157400239301052 1.20073937447679e-06 1.20073937447679e-06 0 0.012583925098153
"8" 0.0370301821966812 0.0234751452165702 0.0343567747422216 0.0228051920066854 0.0228051920066854 0.000212737256738392 0.000212737256738392 0.0093637280662837 0.0275195145253392
"9" 0.0217847027042209 0.0189150564114871 0.0281781092188492 0.01706180237102 0.01706180237102 9.95915127312278e-06 9.95915127312278e-06 0.0110679855068474 0.0164454035004085
"10" 0.0682750353302813 0.0388707498801757 0.0497364430589426 0.0112507571619978 0.0112507571619978 1.73724505503925e-06 1.73724505503925e-06 0.000150131148325016 0.051648177420006
"11" 0.0533395639293624 0.0261720060427931 0.0225640460687764 0.000566161805215732 0.000566161805215732 6.54039402417376e-06 6.54039402417376e-06 0.0103493336546795 0.0322967354824441
"12" 0.0574198866353657 0.0349500306059223 0.0348649861227421 0.00590408674086499 0.00590408674086499 5.75040526451825e-05 5.75040526451825e-05 0.027638535167539 0.0575166475128074
"13" 0.002897222291461 1.76124644023452e-05 0.000630095757438599 0.000238057179729816 0.000238057179729816 2.29598277697452e-05 2.29598277697452e-05 0.00110127616649092 0.00185674992777506
"14" 0.0263721498039533 0.0306988447140361 0.0222300915364618 0.00136927492032782 0.00136927492032782 6.4652857374439e-06 6.4652857374439e-06 0.00291062369457365 0.0173918044937287
"15" 0.0226062941847082 0.0279157372925022 0.0171492717453684 0.0261389208174287 0.0261389208174287 0 0 0.000732537978135159 0.0150721493439604
"16" 0.00668455495840897 0.000111386024911571 0.000676620511837636 0 0 4.15468199158482e-06 4.15468199158482e-06 0 0.00511004485887611
"17" 0.0563578618218317 0.0228154441730367 0.0306523848362834 0.0217758468098597 0.0217758468098597 0.00907676212734354 0.00907676212734354 0.0159995265177112 0.0359248933223692
"18" 0.00122277942494025 0 0.000278120665653455 0.000283640798994579 0.000283640798994579 4.36756735629012e-05 4.36756735629012e-05 0.00449021140836209 0.00106891053002809
"19" 0.0301325042837905 0.0272159500408741 0.018766127128437 0 0 0 0 0.00988733391208759 0.0206318547399854
"20" 0.076121141282771 0.0253819206148027 0.0115050767840366 0.0134728791144728 0.0134728791144728 3.14173091914087e-06 3.14173091914087e-06 0.011128244470512 0.0299165228944847
"21" 0.0547491308971178 0.0163847267631107 0.00906305927851076 0 0 7.30548813840067e-05 7.30548813840067e-05 0.0549591033868345 0.106253593920292
"22" 0.0151826701164155 0.0241634675789413 0.00638566035272696 0 0 4.61479148534045e-05 4.61479148534045e-05 0 0.0265236404153791
"23" 0.0345987254198444 0.0153863331793509 0.0311996476583782 0.00101602863263499 0.00101602863263499 9.51549495733814e-06 9.51549495733814e-06 0.0583474794922803 0.00839272465317113
"24" 0 0.00047614856627067 0.0170608277063589 8.5684587575053e-07 8.5684587575053e-07 1.44740136701225e-07 1.44740136701225e-07 0 0
"25" 0 0.0110171553349912 0.00634092228512494 0.000877424680222269 0.000877424680222269 0.000102830671352163 0.000102830671352163 0 0
"26" 0.0279382968140638 0.0128702935660757 0.0026872462908119 0 0 5.50799199297232e-06 5.50799199297232e-06 0.0016771948324444 0.0561822640422421
"27" 0 0 0 0 0 1.22021225859892e-05 1.22021225859892e-05 0 0
"28" 0.0359459616201952 0.0244812365142916 0.0072455661677804 0.000298610695852963 0.000298610695852963 4.95790206595749e-06 4.95790206595749e-06 0 0.00861759613130469
"29" 0.0784016806946322 0.0435003739735352 0.00386595656420014 1.16714146069416e-06 1.16714146069416e-06 0 0 0 0.0161117338783221
"30" 0.0324462622237227 0.0307667342115685 0.00829284510732089 0 0 0 0 0.0113800599322102 0.0165771389485849
"31" 0.0473098102502231 0.00246037847470463 0.0042469997625849 0.000120276243940824 0.000120276243940824 8.31641173876568e-08 8.31641173876568e-08 1.28371309489743e-05 0.0108660975932336
"32" 0.0724805254099946 0.00745591448415334 0.00135248588766268 8.43304675202376e-05 8.43304675202376e-05 1.60338111045763e-07 1.60338111045763e-07 2.90078696232943e-05 0.0237821643428482
"33" 0.00697840099991446 0.0359408607870455 0.0226227557831451 0.0326500352262711 0.0326500352262711 0.0459312043544821 0.0459312043544821 0.0494616099861307 0.0247635020201733
"34" 0.0559081070266498 0.0348279274707934 0.0147645732663606 0.000509830412446346 0.000509830412446346 1.18301021162379e-05 1.18301021162379e-05 0.00142988809815719 0.0313574048981909
"35" 0.0126670675358016 0.00942922390161336 0.00027017410149313 9.44738129291214e-06 9.44738129291214e-06 4.44982156668525e-09 4.44982156668525e-09 0.000307636289172927 0.010705103563983
"36" 0.0853887322923382 0.0446422842469453 0.0231484416220575 0 0 0 0 0.0260945738859286 0.04958719972925
"37" 0.038914062635478 0.00469747964488535 0 1.23540420058111e-06 1.23540420058111e-06 2.2184547203272e-06 2.2184547203272e-06 0.0285332847553389 0.0391055875544896
"38" 0.11098683619741 0.0674118212097816 0.0226918415282298 0.000817715690756528 0.000817715690756528 0.0623048893641766 0.0623048893641766 0.000205821454695294 0.162805289647965
"39" 0 0 0.0185920727254047 2.1691338407435e-06 2.1691338407435e-06 6.62427572762106e-08 6.62427572762106e-08 0 0
"40" 0.0148725039967361 0.00462976410551959 0.00147494495949378 2.90812673222334e-05 2.90812673222334e-05 4.31830461277554e-08 4.31830461277554e-08 0 0.0107823319122628
"41" 0.0952382650881336 0.0140478258711232 0.000927790562785737 0.000503896014325752 0.000503896014325752 2.51030658541574e-07 2.51030658541574e-07 0.000416807353301421 0.0319483946699705
"42" 0.024565690068428 0.0169302588354275 0.0241383845740142 0.0160440817648393 0.0160440817648393 2.31165296512786e-05 2.31165296512786e-05 0.000354566439532124 0.00661223460362706
"43" 0.0523018525026816 0.031503551449314 0.00928740560786557 0 0 0.00149543931244029 0.00149543931244029 0.0272897820537245 0.0238015839947009
"44" 0 0.0236879462282309 0.0117498318818011 0.029693852957416 0.029693852957416 0.0739777129536003 0.0739777129536003 0.03143796795647 0.0108713847353823
"45" 0.00119176649579939 0.00112602267625671 0 3.8307876094535e-05 3.8307876094535e-05 4.71223729103054e-07 4.71223729103054e-07 0 0.000557952712063713
"46" 0.0212625355050985 0.0288801353865856 0.0212554708664925 0.018973273366717 0.018973273366717 6.85786974299976e-05 6.85786974299976e-05 0.0122381460366501 0.0094326435274111
"47" 0.0389678868433666 0.0136359522097646 0.0130104901969704 0.00181513965672967 0.00181513965672967 5.25150129184557e-09 5.25150129184557e-09 0 0.0394094137621753
"48" 0.0480116443912641 0.0275451027495616 0.0224609811086222 0.000251502714803008 0.000251502714803008 2.35394483041749e-05 2.35394483041749e-05 0.00274913879418961 0.0302932760389152
"49" 0.00539761355591179 0 0 0.000631317356435154 0.000631317356435154 2.19722893485936e-05 2.19722893485936e-05 0.00131204673504189 0.00310954507509038
"50" 0.0343453231277854 0.00427265159149597 0.00145615774435196 0 0 8.44602141854689e-08 8.44602141854689e-08 2.65503215641667e-05 0.0174259531855073
"51" 0.0298014416281835 0.0253607465534626 0.0369563278010858 0.00237293496623695 0.00237293496623695 0 0 0.0562475750696178 0.0116166334526987
"52" 0.0872659488021973 0.0290466658134974 0.0313790050347752 0.019991105774913 0.019991105774913 0.000236720576395705 0.000236720576395705 0.0275837207060174 0.0532828639709389
"53" 0.0342785005847325 0.0186247768671825 0.023647969660042 0.00280931575141506 0.00280931575141506 4.97901594062832e-08 4.97901594062832e-08 0.00021695492949824 0.0151242537185268
"54" 0.0763626174122426 0.0332858129850621 0.00203550115423604 0.00011197293451162 0.00011197293451162 1.09524567984271e-05 1.09524567984271e-05 0 0.0425733975859509
"55" 0.0515964225492827 0.0234407486717704 0.0123779770961441 0.000687520796984054 0.000687520796984054 0 0 0.00512651935222247 0.0271976361463813
"56" 0.0215083360202627 0.0135260807621737 0.0309495602027059 0.0471251321668214 0.0471251321668214 1.78366352442424e-06 1.78366352442424e-06 0.00410025308891575 0.0172275275107431
"57" 0.0178972004659323 0.0220582898978824 0.0141284785348968 0.00275656167686581 0.00275656167686581 0 0 0.00142367951437984 0.0175977245615352
"58" 0.0127317735622942 0.0112365979166462 0.000965300313031293 5.34934020547198e-05 5.34934020547198e-05 0 0 0.000778317691234267 0.0299821402108491
"59" 0.0683404300931608 0.0314865217106131 0.0112245385538072 0.00425625014262854 0.00425625014262854 0.000224114452742113 0.000224114452742113 0.00111190523954325 0.0284959750750837
"60" 0.0613470856550458 0.030379300292598 0.010092426630545 0.00131012801083758 0.00131012801083758 1.02295640204486e-06 1.02295640204486e-06 0.00192796979818618 0.0233832155194391
"61" 0.0490277476270902 0.0258136853405667 0.0114240463133716 0.000400828059518705 0.000400828059518705 8.42475300655193e-06 8.42475300655193e-06 0.00304277806310638 0.023978908203821
"62" 0.0221369514996115 0.0174860039944759 0.0137084464095307 0.0102567802337476 0.0102567802337476 2.14225145878642e-05 2.14225145878642e-05 0.00175713772331446 0.01623635085065
"63" 0.00496237760113182 0.019392821945457 0.0177999517385364 0.0231145734918114 0.0231145734918114 0.0643446425324417 0.0643446425324417 0.00523331576587092 0.00643066514520801
"64" 0.00994454741105092 0.000101844743411768 0 0 0 0 0 0 0.00891957963627581
"65" 0.00111177705457377 0.00386676987789291 0.000711030704405481 0.00090631502199931 0.00090631502199931 1.22644751692143e-05 1.22644751692143e-05 0.0011233484514607 0.000223158318627428
"66" 0.0279266625398249 0.0266332586886362 0.0139495860815449 0 0 1.48061387028709e-06 1.48061387028709e-06 0.0214419187099213 0.0246623146557012
"67" 0.0875093538526242 0.0317745383867536 0.0373099915494782 0.00324958945413876 0.00324958945413876 4.74004882756611e-05 4.74004882756611e-05 0.00474500615007842 0.0579822331566247
"68" 0.00859138978197618 0.0042539141832925 0.000351067671800466 1.07756333100096e-05 1.07756333100096e-05 1.70184849259621e-08 1.70184849259621e-08 0 0.00902043607864003
"69" 0 0.000177797258661452 0.00717033033519669 0 0 2.475164533636e-07 2.475164533636e-07 0 0.0145764558417349
"70" 0.0191666206112059 0.00311414408121167 0.0186804244031442 0.0042023116249936 0.0042023116249936 0 0 0.0279803709325719 0.0182592752289219
"71" 0.00136520313878214 0.000971186499939664 0.00767666125883187 1.29103726826625e-06 1.29103726826625e-06 5.37017309419256e-08 5.37017309419256e-08 2.30835481246122e-06 0
"72" 0 0.0231912924211628 0.0108136063476014 0.00743173374653815 0.00743173374653815 0.0415225519722239 0.0415225519722239 0.00924786242713989 0.00591948248623929
"73" 0.0134544993510765 0.00265100282961387 0 0 0 5.22204847601071e-08 5.22204847601071e-08 0.00153197787404342 0.0145900944347611
"74" 0 0.0258012773872462 0.0121399867720659 0.0239956579048584 0.0239956579048584 0.0781344802913184 0.0781344802913184 0.0253566982435396 0.0126329562614596
"75" 0.0245126044260833 0.0223705310260207 0.0114673684613057 0.000597510097302349 0.000597510097302349 2.8869585237681e-06 2.8869585237681e-06 0.00309373555127848 0.010247686254328
"76" 0.0311047971590281 0.0428202860338643 0.00511596046760364 0.00171776102582879 0.00171776102582879 0.000307889046267325 0.000307889046267325 0.00516976450741604 0.0344284065544535
"77" 0.0361060282847094 0.0489988477927148 0.00544206816332979 0.0115508526504522 0.0115508526504522 0.0273353898680195 0.0273353898680195 0.000812515026774796 0.0435761848732407
"78" 0.00512398370229735 3.83772937489444e-05 0.000488620967549855 3.0106579188568e-05 3.0106579188568e-05 2.43494272232565e-05 2.43494272232565e-05 0.000585015317501441 0.00488701992073167
"79" 0.0550135288008759 0.0400148848330491 0.0137721191171631 0.000601670380473196 0.000601670380473196 5.96600795931164e-05 5.96600795931164e-05 0.0164321039889296 0.0596430852017925
"80" 0.0169734098608303 0.0379317612811073 0.00565309345167881 0 0 6.40207907576122e-07 6.40207907576122e-07 0.00935979166699968 0.0392294407333938
"81" 0.0706568439109639 0.0363864259565112 0.0109653433929016 0 0 0.000100042076645614 0.000100042076645614 0 0.0740186242109995
"82" 0.0244505201382228 0.0167103505636731 0.00414419563798731 0 0 1.33796491655697e-06 1.33796491655697e-06 0.00304063620349147 0.0157941439830361
"83" 0.0117827472902209 0.000633819745223118 0 5.59515913263074e-06 5.59515913263074e-06 0 0 0 0.00975073309947442
"84" 0.0418852839383955 0.0239592215742367 0.0104011380934242 3.95640450739544e-05 3.95640450739544e-05 0.000222524534576639 0.000222524534576639 0.00550273585553274 0.0197959900670014
"85" 0.00926938055237451 0.00198189501597758 0.00131243630974371 2.51832686770368e-05 2.51832686770368e-05 5.21481982395242e-09 5.21481982395242e-09 2.16480664715704e-05 0.00183357504471975
"86" 0.0149733531267308 0.0128593341247118 0.0252596189727093 0.0202259021891168 0.0202259021891168 0 0 0.00460903924019203 0.0221478223516708
"87" 0.0810438291675427 0.036544912197007 0.0160173468128949 0 0 0 0 0.0039256554963406 0.0978543690751727
"88" 0.000605140322918242 0.0220125185684607 0 2.36902968598607e-05 2.36902968598607e-05 5.72246838066076e-07 5.72246838066076e-07 0.000411240589609098 0
"89" 0.0159019825366768 0.0243027686661881 0.0141070115159911 0.00724469985274338 0.00724469985274338 0 0 0.000513132936575464 0.0173772431066118
"90" 0.00204051344345599 0.000464272213736105 0.00258065450284731 3.8521874684334e-06 3.8521874684334e-06 6.4274661246241e-07 6.4274661246241e-07 0 0.00546395954223118
"91" 0.011442650857106 0.00236960072823616 0.00344041249420041 9.4898397247049e-08 9.4898397247049e-08 0 0 4.28159614947717e-05 0
"92" 0.0465953328301719 0.03149447156113 0.0265589555461404 0.00243960557430509 0.00243960557430509 6.54940619850068e-05 6.54940619850068e-05 0.0237191918570112 0.0395800314682659
"93" 0.0235632586242987 0.0183665637265353 0.0169090847724557 0.00204598214750786 0.00204598214750786 0 0 0.00251113438839965 0.0160880762745571
"94" 0.000142325454647283 0.000367779535849423 6.28345803838319e-05 8.47189753340816e-05 8.47189753340816e-05 0 0 0.000428963003762786 9.41388187954738e-05
"95" 0.0497657904835184 0.0247288007766661 0.012296630863389 0.000482388187950833 0.000482388187950833 5.12400989290203e-05 5.12400989290203e-05 0.00276283793386298 0.0254917471786961
"96" 0.0125772852622276 0.0243792688405174 0.00610721694347261 1.24874527795022e-05 1.24874527795022e-05 5.93714268658935e-07 5.93714268658935e-07 0.000682658986134622 0.0199158254003854
"97" 0.0696609993009029 0.0379086091962988 0.00503889342334155 0 0 0.000125501218834697 0.000125501218834697 0.000331715047521264 0.0170481822335136
"98" 0.00679769062122012 0 0 1.61888742756515e-05 1.61888742756515e-05 1.22894480752803e-06 1.22894480752803e-06 0.0130825018751354 0.0113526499621027
"99" 0 0 0.0034204827275806 1.35627929441225e-05 1.35627929441225e-05 0 0 0 0.00495902854461309
"100" 0.0643483300833849 0.00636945433250292 0.00219975747289087 0.000236097915872516 0.000236097915872516 7.40187590373697e-07 7.40187590373697e-07 0.000241302099811001 0.0197149265912824
"101" 0.0307995292180118 0.0261530423136927 0.00964600634732626 0 0 0 0 0.00105574870661982 0.0131584976114698
"102" 0.054009690065378 0.0404229565431277 0.0509142911451175 0.00178447958341758 0.00178447958341758 1.04438559747796e-05 1.04438559747796e-05 0.027210228460853 0.0451923605592914
"103" 0.00225627045685332 0.00376154169422079 0.000952675209925403 0.000656227886199234 0.000656227886199234 8.7896835742875e-06 8.7896835742875e-06 0.000605907754422017 0.000813907303789
"104" 0 0 0 9.18185227535483e-07 9.18185227535483e-07 2.83644834271384e-06 2.83644834271384e-06 0 0
"105" 0.0238108396326365 0.024619348429913 0.0203141445641587 0.0270504615432616 0.0270504615432616 0.000168114767722835 0.000168114767722835 0.0415058359319262 0.00801817248760856
"106" 0.0586343311900369 0.0213171798875012 0.0113175743398333 0 0 4.96475484705435e-05 4.96475484705435e-05 0.00155178129771296 0.021031878140501
"107" 0.0679024805347614 0.0310410454132283 0.0111212913439461 0.00582452276909161 0.00582452276909161 0 0 0.000278087109250813 0.0280112244907875
"108" 0.00022811398632945 0.00139993145053333 0.0140671167359233 2.80671523002651e-07 2.80671523002651e-07 0 0 2.31445493927691e-06 0
"109" 0.0234694086012144 0.0217325104488203 0.0119020936462284 0.00175727371863172 0.00175727371863172 0 0 0.00437656216955343 0.00983347098711193
"110" 0.0438117629332139 0.0411796094191682 0.0104015364467679 0.000199739403822858 0.000199739403822858 2.14246634601645e-08 2.14246634601645e-08 0.00249920136798437 0.038137550169277
"111" 0.02711938558902 0.00971321586882666 0.00125378382262564 4.18993486319616e-05 4.18993486319616e-05 2.99518699379364e-06 2.99518699379364e-06 0.00149912721909665 0.0183018764265026
"112" 0.0957558818313301 0.0521256162291952 0.00320687371325106 0 0 0 0 0.00132442909617164 0.0306754494317675
"113" 0.0129516919050891 0 0.00817928985015878 0.00020120633310097 0.00020120633310097 5.62202905855797e-07 5.62202905855797e-07 0 0
"114" 0.0651197858004866 0.0365661539955683 0.0191537842568074 3.20817746888698e-05 3.20817746888698e-05 3.56538538825998e-06 3.56538538825998e-06 0.00566793545951364 0.0718045744948867
"115" 0.0267161826813013 0.0233507845328161 0.0109838896984395 0 0 0 0 0.00148814023491845 0.0111563379140576
"116" 0.027278139125576 0.00581372817264524 0.000636072151058511 5.96602823643095e-08 5.96602823643095e-08 0 0 0.000168180476490764 0.0363059727601406
"117" 0.0932587882515028 0.0350639067794819 0.00146709932222439 0.000240465310610447 0.000240465310610447 1.19551714758296e-06 1.19551714758296e-06 0.000508952174991037 0.0462543948811568
"118" 0.0301347198967921 0.0341999384396211 0.0048555365849 0.000398549978656942 0.000398549978656942 0.000340470443948844 0.000340470443948844 0.00734959424585206 0.0129874765157629
"119" 0.0487772236511224 0.0405972981182937 0.00917342060444319 1.32103055552373e-05 1.32103055552373e-05 0 0 0.000115376663896472 0.067834377224243
"120" 0.00980762508452665 0.0113190366562856 0.0250132565013518 0.0622870135788609 0.0622870135788609 0 0 0.0173942048038353 0.0128026442559038
"121" 0.0899542994302403 0.0283867553112499 0.0325452801728485 0.000826510373498299 0.000826510373498299 0.0412281204381672 0.0412281204381672 0.0390375440213787 0.0813701721975105
"122" 0.00756587612181162 0.0472881334080861 0.00350760604258672 0 0 6.66495225130322e-05 6.66495225130322e-05 0.0344821750638673 0.0284409701946232
"123" 0.166613342258043 0.0411368788835425 0.0259639109289619 0 0 2.56302461568425e-05 2.56302461568425e-05 0.0338220749707407 0.0936496570773682
"124" 0 0 0.00752054602010263 3.07895608454004e-05 3.07895608454004e-05 1.72150933325371e-05 1.72150933325371e-05 3.73905035064849e-06 0
"125" 0.0760448799218314 0.0322330799652921 0.0171645167971439 0.0018713298892383 0.0018713298892383 3.94065370070109e-05 3.94065370070109e-05 0 0.0442732369793862
"126" 0.000785965786656183 0.0160655457770106 0.0121050798492046 0.0262460954743803 0.0262460954743803 0.000456050406138411 0.000456050406138411 0.0644417000630612 0.0167475433542164
"127" 0.12299514829016 0.042455805518601 0.018824970402229 0 0 0.000195533344560211 0.000195533344560211 0.00397406924059969 0.0742917420720859
"128" 0.00336522508021585 0.00554342030405456 0.00830791573122135 0.0205586427858344 0.0205586427858344 5.77666301389733e-06 5.77666301389733e-06 0.000441812310895471 0.00116099910347471
"129" 0.0615724524675225 0.0402994734227546 0.0142975887684388 0 0 0 0 0.0177084326887366 0.0631245178296232
"130" 0.0449006879445417 0 0.00320066061362247 0.000306244909200131 0.000306244909200131 2.46637196533083e-07 2.46637196533083e-07 9.3143704479414e-08 0.00432276681637815
"131" 0 0 0.0250402698642937 1.20386014858568e-06 1.20386014858568e-06 2.98876674280933e-08 2.98876674280933e-08 7.80543254150111e-07 0
"132" 0.0135903903332512 0.010091289012942 0.000450538212542849 2.6207266142228e-06 2.6207266142228e-06 6.96932504323691e-07 6.96932504323691e-07 0.000255677603276321 0.00954462179869097
"133" 0.0237852588508069 0.0338006737727109 0.00487225439006679 0.000600874254329442 0.000600874254329442 0 0 0.00513516677288233 0.020702300562069
"134" 0.00566450687542703 0.00162254452111405 0.00642971801328013 1.8447369180434e-07 1.8447369180434e-07 3.17491536995368e-08 3.17491536995368e-08 1.10999699357081e-05 0.00257656972475697
"135" 0.0218650802815193 0.0175175045881166 0.00385320746392643 3.56988065647722e-05 3.56988065647722e-05 9.85722960919933e-07 9.85722960919933e-07 0.0158595076404312 0.0239072583150446
"136" 0.019570740642034 0.0416550055501211 0.00406303867018121 0 0 0 0 0.00150924569435676 0.0252132978571724
"137" 0.0349526922033489 0.0193022709822053 0.0239514676565734 0.0012107342956416 0.0012107342956416 3.67679556733954e-05 3.67679556733954e-05 0 0.0144244432245455
"138" 0.0805020977399807 0.0323963654783776 0.00916705141821894 0.000871956409132874 0.000871956409132874 0 0 0.00407456035512513 0.0262055361931133
"139" 0 0.0154961160757625 0.0131718656333642 0.00169997117510197 0.00169997117510197 0.0496207750913221 0.0496207750913221 0 0.00235094092445228
"140" 0 0 0.01593356266335 5.58366297201811e-06 5.58366297201811e-06 2.89708546289912e-06 2.89708546289912e-06 3.02513085562352e-06 0
"141" 0.00222773382777328 0.00172100082193973 0.000122952775968861 0 0 1.63073198102774e-05 1.63073198102774e-05 0.00029081765395406 0
"142" 0.0413989694231157 0.01424234498963 0.00674768644684077 2.90279054558205e-07 2.90279054558205e-07 4.98827535608974e-06 4.98827535608974e-06 0.0241279414752084 0.0617394796691741
"143" 0.0784488658313378 0.0610726741421708 0.00308222843713589 0.0013618341264955 0.0013618341264955 0.000135283190196359 0.000135283190196359 0 0.0543831689791777
"144" 0.0272399063401177 0.036110225485296 0.00430459634394953 0 0 6.75195301000894e-07 6.75195301000894e-07 0.0109432040993768 0.024363599440555
"145" 0.0607206032687385 0.0286134907587389 0.0220832964283375 0.000640485854354031 0.000640485854354031 3.08820938629774e-06 3.08820938629774e-06 0.000575257538191894 0.048330005692417
"146" 0.0794165518887026 0.0438404540510513 0.00389584582340311 6.65567995635694e-08 6.65567995635694e-08 5.92100461336823e-05 5.92100461336823e-05 0 0.0172805323420582
"147" 0.16511969909572 0.0481608477538373 0.0351931509260716 0.0799815676662716 0.0799815676662716 0 0 0 0.117285490372681
"148" 0.0567166333669847 0.0418407820556392 0.0103456221673094 0.00107650943826532 0.00107650943826532 6.59955954872328e-05 6.59955954872328e-05 0.00550372321230595 0.0749540596802192
"149" 0.00402151724444852 0.0276726874318984 0.0133376824085329 0.01877347696231 0.01877347696231 0.0914715679459315 0.0914715679459315 0.0239685202436159 0.014407823328802
"150" 0.0145914896128943 0.0272586492984441 0.013245246328753 0.0190850288709416 0.0190850288709416 0 0 0.000257383680180912 0.0135970671554695
"151" 0.0437552817822192 0.0143599799390922 0.00736424216205355 0.000695096592059966 0.000695096592059966 1.01208088077596e-05 1.01208088077596e-05 0.0307514108163665 0.0640199463818665
"152" 0 0.000944725064799143 0.0142303316375518 3.49022498562133e-07 3.49022498562133e-07 0 0 0 0
"153" 0.0370721856810675 0.0017455892419165 0.0193292321868232 0.0223812221617079 0.0223812221617079 0 0 0.0401762819385671 0.0263414765547649
"154" 0.0200672486159533 0.0125165177170886 0.0258115762073844 0.0303500387466524 0.0303500387466524 7.94629800299935e-07 7.94629800299935e-07 0.0368451428677752 0.0262962414027993
"155" 0.0171185538968062 0.00144122015228862 0 0 0 2.20805791839713e-05 2.20805791839713e-05 0.00260457481549536 0.0202148200567727
"156" 0 0.00419518842441477 0 0.000788959360027936 0.000788959360027936 0 0 0.00176650210645642 0
"157" 0.0481270837460265 0.0311659594201079 0.00540890898886326 0 0 8.26432887950034e-05 8.26432887950034e-05 0 0.0107935651860855
"158" 0.0349294170607303 0.0118771523626464 0.0135989218138133 0.00594598123315445 0.00594598123315445 2.10140133132023e-05 2.10140133132023e-05 0 0.0336082604295562
"159" 8.76060609642478e-05 0 0 0 0 0 0 3.7010835688324e-05 0
"160" 0.0802018080310039 0.0448437171567706 0.0220542147903299 0.00031048875774148 0.00031048875774148 0 0 0.0444255043041922 0.0637764034919821
"161" 0.0125134641305058 0.0268946864889631 0.0127601507212746 0.0128340512052054 0.0128340512052054 0 0 0 0.0137004473070336
"162" 0.0598690001178745 0.0262461719936403 0.0103161956995045 0 0 5.01927807428161e-05 5.01927807428161e-05 0.0105427829804779 0.017709270845587
"163" 0.0541149609327884 0.0173382001325816 0.00949235864801849 0.000698430499190856 0.000698430499190856 0 0 0.058975435372613 0.105362503242741
"164" 0.0526455316617138 0.0267382446275929 0.0288782330366778 0.0184358310131675 0.0184358310131675 4.58712886248808e-05 4.58712886248808e-05 0.00383885118804702 0.0250468341107922
"165" 0.0454387507747955 0.037047702332629 0.00420096517934165 0.000853875600482897 0.000853875600482897 0 0 0.000449872831148288 0.0157271472117831
"166" 0.010367163434873 0.0133210530345086 0.00179274652195002 0 0 0 0 0.00401314075661693 0.0386317307542177
"167" 0.0192792232671527 0.0218011115992269 0.0135698809222288 0.000431889275606861 0.000431889275606861 0 0 0.0127411369831243 0.021300138618917
"168" 0 0.0270804110374874 0.00191225028606167 0.000861093181024424 0.000861093181024424 1.67196113691605e-06 1.67196113691605e-06 0 0.000754422312931447
"169" 4.7350688562564e-05 0 0 1.72616953788044e-05 1.72616953788044e-05 3.18945929321776e-06 3.18945929321776e-06 2.47721505531395e-05 0
"170" 0.166454995171086 0.0441050233642294 0.0272820648661845 0 0 7.99322401212509e-05 7.99322401212509e-05 0.0111688130005272 0.114676692834049
"171" 0.0193649812238311 0.0182964948153739 0.0142657035910434 0.0202678427240634 0.0202678427240634 0 0 0.000340250650608341 0.0103893571168401
"172" 0.0187510415648987 0.0061731829402668 0.000813345105241577 0 0 0 0 0 0.00545581407411452
"173" 0.00599127010444169 0.000915469901730012 0 0.00114352827790821 0.00114352827790821 3.91870640099389e-05 3.91870640099389e-05 0.000724185788028515 0.00535960970252504
"174" 0.0161175260416082 0.036060536823826 0.0074337815146475 0.000238627011343861 0.000238627011343861 1.99747418979065e-05 1.99747418979065e-05 0.000775568866077785 0.0317968240894434
"175" 0.0216169488010736 0.0203684720247099 0.00743655581265297 0 0 7.20939332616747e-07 7.20939332616747e-07 8.92399417795213e-05 0.00635349254852981
"176" 0.0352327290060407 0.00396596736699049 0.00116979801954416 0.000417442763525404 0.000417442763525404 2.07956996035168e-07 2.07956996035168e-07 0.000195898447266529 0.00811690367442072
"177" 0.0587462075505385 0.0198786118767198 0.011214631423155 0.000679756104874984 0.000679756104874984 0 0 0.000533208888561346 0.0194568437718848
"178" 0.000906477905191259 0.00187595598651422 0 0.000188394162620662 0.000188394162620662 1.77033982245463e-05 1.77033982245463e-05 2.43550194906392e-05 0.000569279522073818
"179" 0.0124284852140953 0.00778006973621633 0.0201017958616663 0.00579940158655654 0.00579940158655654 2.66368021132148e-05 2.66368021132148e-05 0.0418620566497374 0.0197735103640431
"180" 0.000148024216074552 8.94220873763963e-06 0 8.23952125803478e-05 8.23952125803478e-05 0 0 0.000198631047776942 0.000273277074492717
"181" 0.0537536833170702 0.017074062167151 0.00134663077350009 0.000348851709757279 0.000348851709757279 0 0 0.000467194080337835 0.0324902098560033
"182" 0.0551294228229706 0.0205411473088719 0.00128861334308364 0.00034830790777978 0.00034830790777978 7.48146372224534e-07 7.48146372224534e-07 1.25425897019221e-05 0.0363327996879106
"183" 0.0698394207999797 0.0321989050185463 0.0331579798846762 0.0197743248549913 0.0197743248549913 1.08008896915251e-06 1.08008896915251e-06 0.0176402947948508 0.0314299933117434
"184" 0.0320834769623586 0.0270426879484953 0.00823549741276298 0 0 3.70858355486719e-08 3.70858355486719e-08 0.00254703932231988 0.0182732125908219
"185" 0.027061368422718 0.0364786309409279 0.00418513385587773 0.00017871804072335 0.00017871804072335 0.000255904310113142 0.000255904310113142 0.00919011250990034 0.0226756037571681
"186" 0.000118044914146539 0 0 0.00011889170978127 0.00011889170978127 2.58064330778705e-07 2.58064330778705e-07 4.10775165052253e-06 5.33467097941776e-05
"187" 0.0606236377796947 0.00593796928340384 0.00222227140631795 0.000275906270137814 0.000275906270137814 0 0 0.000160894423870203 0.0198709293893724
"188" 0.0121307033498507 0.0172560038186661 0.00722862596433165 0 0 0.000432058428163355 0.000432058428163355 0.000317273500970866 0.00327174822865459
"189" 0 0.00329528201391575 0.00315308150752379 0 0 0 0 0.0007855129586105 0.00343068428788299
"190" 0.00100657092664887 0.00095300930363744 0.000887235383889141 1.53318636304719e-05 1.53318636304719e-05 7.57662828615428e-05 7.57662828615428e-05 0 0.000317748455106583
"191" 0.0160367864836229 0.0323381330365738 0.0146794685387866 0.00852555134191078 0.00852555134191078 0 0 0.00955610081892588 0.0177970380415386
"192" 0.12281144532871 0.0327751694128688 0.0233177847782088 8.72868491664971e-06 8.72868491664971e-06 0 0 0.0195781364586906 0.101314674815594
"193" 0.0305872690159581 0.0174147511599092 0.00827504594835938 0.0209923980624495 0.0209923980624495 9.41298515609417e-06 9.41298515609417e-06 0 0.00629591476791625
"194" 0.0490278646628354 0.0178510577677082 0.0101817907162699 0.0166097923505247 0.0166097923505247 1.00683152764954e-07 1.00683152764954e-07 0 0.0114477482682862
"195" 0.078237178720456 0.0598174414697407 0.0381095173497446 0.0013578326875814 0.0013578326875814 8.13587091386733e-06 8.13587091386733e-06 0.12254063875281 0.0224737719378496
"196" 0.060306328947691 0.0288784175774897 0.0155866836649573 2.23177474765764e-05 2.23177474765764e-05 2.05872206217441e-06 2.05872206217441e-06 0.0149119006640009 0.0614353226071602
"197" 0.0145141723139666 0.0359008973355089 0.00637028477381366 1.45743534551154e-05 1.45743534551154e-05 7.98101484307124e-07 7.98101484307124e-07 0 0.0256859912811378
"198" 0.0486068052339708 0.0137469863397271 0.00752905690332913 0 0 0 0 0.036128587429541 0.063693182116935
"199" 0.0332345055300389 0.00469796714936235 0.00162350898882536 6.16341137540008e-06 6.16341137540008e-06 1.22942735559142e-07 1.22942735559142e-07 0 0.018182959304371
"200" 0.0290184319665954 0.0268397743198245 0.00870720239078812 0 0 0 0 0.0102591943196839 0.0298584620582136
"201" 0.000130383710314957 0 0 0.000106480797313391 0.000106480797313391 0.000199723794890728 0.000199723794890728 3.79816409942488e-06 1.55313593097317e-05
"202" 0.0712627833345499 0.0307063881420343 0.0201477516284086 9.0239081381485e-06 9.0239081381485e-06 1.93661343832644e-07 1.93661343832644e-07 0.0552569390305127 0.0567808899395803
"203" 0.136025961389697 0.0465701157146168 0.0282516602525208 0.00255532061232064 0.00255532061232064 8.6018797062186e-05 8.6018797062186e-05 0.000466419296457239 0.144538189263596
"204" 0.141504897291932 0.040230036680904 0.0320368308638594 0.0479621388660655 0.0479621388660655 6.4065704935333e-05 6.4065704935333e-05 0.00340151624749594 0.109906057267938
"205" 0.0303466717371628 0.00113537678758917 0.00137681704815992 8.34695151457161e-08 8.34695151457161e-08 0.000414538421306893 0.000414538421306893 0.000110691960865013 0.0283679861771106
"206" 0.0355053611530815 0.013665879492791 0.0146527373105278 0.0291051861016538 0.0291051861016538 2.48695521936942e-06 2.48695521936942e-06 0.0293603277934157 0.02233205721501
"207" 0.0457858390490298 0.0350883505005397 0.0173486743746303 0 0 0.000113674904100535 0.000113674904100535 0 0.0359286090909018
"208" 0.0190900221110773 0.0133371866602715 0.00209056121580029 0.000267978696022724 0.000267978696022724 0 0 0 0.0301977683466116
"209" 0.00198619561145602 0.00175843437747809 0.0130926619693509 0 0 1.16227586330401e-05 1.16227586330401e-05 0.00165525305995757 0.00783712116097454
"210" 0 0.00169140484436514 0.000996666243356662 4.68278074885173e-05 4.68278074885173e-05 0 0 0.000718290371148515 0
"211" 0.0447418139629576 0.0363537106250011 0.0288066270181946 0.0329979745651696 0.0329979745651696 0.0585717799173511 0.0585717799173511 0.136957179527531 0.0731232510132932
"212" 0.011560906200594 0.00920524786219594 0.000700007918929653 2.56724512326008e-07 2.56724512326008e-07 4.70875509612055e-08 4.70875509612055e-08 0 0.0271906399678419
"213" 0.0946518470368734 0.021795974599408 0.00107527462716464 0.000192755248031649 0.000192755248031649 1.31757938281879e-06 1.31757938281879e-06 0 0.0398556371587722
"214" 0.000226441564911798 0.000271699212911909 0.0223364169364821 3.61331178394441e-06 3.61331178394441e-06 8.92925055969576e-08 8.92925055969576e-08 6.84339990467155e-07 0.000294251719060286
"215" 0.0304928483390448 0.0235517661724424 0.00746923624961139 0.00160253992071428 0.00160253992071428 0 0 0 0.00946234079475221
"216" 0.00178493527172585 0.000966016646369278 0.00740572013137831 5.32578812532967e-06 5.32578812532967e-06 0 0 4.57488925781996e-06 0
"217" 0.0236641963006306 0.0176913951520576 0.0212144746168942 0.0190417170879349 0.0190417170879349 2.79885488403181e-08 2.79885488403181e-08 0 0.00818793997463078
"218" 0.010504941456926 0.000151093327332455 0 4.80939082336192e-05 4.80939082336192e-05 1.20007211337399e-05 1.20007211337399e-05 0.000959916871545483 0.00921933537537616
"219" 0.0300860674148766 0.0462812764151396 0.0418589631814898 0.0249606438808524 0.0249606438808524 0.000161061709140668 0.000161061709140668 0.0616245537341107 0.0473377779714765
"220" 0.0333954519056718 0.0102919620747467 0.00197065551411175 1.39710904532676e-08 1.39710904532676e-08 5.60659626954056e-07 5.60659626954056e-07 0 0.0678838429378899
"221" 0.0154854099571794 0.0257399122598619 0.014809858668732 0.0246318253276244 0.0246318253276244 3.15689841078984e-08 3.15689841078984e-08 0.000197750669869119 0.0171621365771487
"222" 0.0424716260129557 0.0170699735790279 0.00130647022514607 0.000384069904042078 0.000384069904042078 1.55374609698037e-06 1.55374609698037e-06 3.95680570472686e-07 0.0269340444452156
"223" 0.08824104546835 0.0598029666678502 0.00270561082093647 0.000426955631832444 0.000426955631832444 0 0 0 0.0618698085648721
"224" 0.0950401272482862 0.0234600602092134 0.00112981734445457 0.000201170881373268 0.000201170881373268 2.52061899482308e-06 2.52061899482308e-06 0 0.0417757575399316
"225" 0 7.98678131301153e-05 0.00795183369348466 0 0 7.94060400694263e-07 7.94060400694263e-07 0.0212930024628477 0.00475721513154302
"226" 0 0.00581560706764136 0.00243094311835817 7.14412230875125e-05 7.14412230875125e-05 0 0 5.08654632073775e-05 0.00117091500645938
"227" 0.0261178846609185 0.0294030497996084 0.00748200670155901 0 0 1.77268483643937e-08 1.77268483643937e-08 0.00303680540144968 0.0392772494760779
"228" 0.0106722675081736 0.00734689412020949 0.000192933905552721 1.9617959419763e-07 1.9617959419763e-07 1.10863727568802e-07 1.10863727568802e-07 0 0.0180476117813657
"229" 0.0280520053180412 0.0141777702359339 0.0118606639340021 0.00082413613219465 0.00082413613219465 0.000147737004974202 0.000147737004974202 0.00212645234968883 0.0314258660926261
"230" 0.0537677686511272 0.0294568586352453 0.00939813792465732 0 0 0 0 0.00266683256228035 0.0191186474850236
"231" 0.0716276796290951 0.0361973743590285 0.00660891979853354 0 0 0.000151831203498877 0.000151831203498877 0.00330977094649422 0.0232156970807375
"232" 0.0235961364524519 0.0131232452351856 0.0222822878098641 0.0196799334638273 0.0196799334638273 2.15230651913819e-05 2.15230651913819e-05 0.0225968378267728 0.0234980484434019
"233" 0.000373723123924589 0 0 0 0 0 0 0.000671323846218462 0.00118226475602325
"234" 0.00787250925561814 0.00161556808756905 0 0.000524730923183182 0.000524730923183182 2.04925398410156e-05 2.04925398410156e-05 0.00220783521311541 0.00876774655028259
"235" 0.0904695616900393 0.0506852186166198 0.00248986858247514 0.000188599810237864 0.000188599810237864 2.95993530699389e-05 2.95993530699389e-05 0 0.0551747104334383
"236" 0.033021356396649 0.033455522938623 0.00704697039435517 0.000209879617521663 0.000209879617521663 0 0 0.00276519611755718 0.0117570242578069
"237" 0 0.000107096327883411 0.00457304432596466 2.17403568549815e-06 2.17403568549815e-06 0 0 0.00212246981651092 0.00553107901644071
"238" 0.013987086047949 0.0343632673662968 0.00257640477057791 2.52821596864919e-05 2.52821596864919e-05 0 0 0 0.00765232571452846
"239" 0.0381715702171935 0.00238534584231274 0 0.0010369907768423 0.0010369907768423 0 0 0.0292720302832619 0.0499762190171773
"240" 0.021442453644644 0.0442194953452614 0.00626131725313611 0 0 0 0 0.168343424343481 0.0633418849791712
"241" 0.0429273071028568 0.0361398312561939 0.0336441044765418 0 0 5.8598593001274e-06 5.8598593001274e-06 0.110838708861904 0.00911199036594141
"242" 0.0243758587460788 0.0254582108450581 0.00584827213934718 0.000550648057884719 0.000550648057884719 4.39015043485503e-07 4.39015043485503e-07 0 0.022391031527181
"243" 0.0105486149803809 0.00219404951344069 0.000851261027330908 0 0 0 0 0.000118526899773456 0.00885935137052934
"244" 0.0590314218392047 0.0226450021687912 0.0102298306122771 0.00280874773267244 0.00280874773267244 5.27914978393355e-09 5.27914978393355e-09 0.00307601921419588 0.0162852375249805
"245" 0.00150445657240938 0.0226898723207021 3.30197593808436e-05 0 0 2.40246593778438e-07 2.40246593778438e-07 0.000454233315682957 0
"246" 0.0871262023398346 0.0341457308851749 0.0176093599140107 0 0 8.85380966238605e-06 8.85380966238605e-06 0.057183442882131 0.0479491906197409
"247" 0.0212381890228133 0.00572642757099574 0.00053680283369282 0.000166149167640977 0.000166149167640977 6.02727431591813e-07 6.02727431591813e-07 0.000479418859235265 0.0120504994886061
"248" 0.013775479455054 0.0315531152431984 0.0188163953966132 0.0488967763830422 0.0488967763830422 0 0 0.00117539249589534 0.0129327628140862
"249" 0.0220013779515424 0.0334879249804076 0.00478329153429168 0.000590994823711699 0.000590994823711699 1.7580096160093e-05 1.7580096160093e-05 0.0116619265310944 0.0218103042014929
"250" 0.0211980980147252 0.0384760327410516 0.00676665496439457 2.46072113585499e-05 2.46072113585499e-05 1.05718997714675e-05 1.05718997714675e-05 0.00319124750396899 0.0475668641906453
"251" 0.0629992754911935 0.0409986284024853 0.0489370889014195 0.0254654303142591 0.0254654303142591 9.00492966331952e-06 9.00492966331952e-06 0.00321162834280932 0.0513672900271336
"252" 0.160851683299901 0.0383678046366063 0.0319567963846136 0.00387807358604852 0.00387807358604852 0 0 0.00692094834877565 0.128160168801875
"253" 0.0463252804729672 0.0241378867535905 0.00888718191906691 0.00289497238323801 0.00289497238323801 7.70027333139008e-06 7.70027333139008e-06 0.00365310047094368 0.012864630609905
"254" 0.00905855163048776 0.015821933156697 0.00733701786076454 0 0 0.000491328520518243 0.000491328520518243 0.000668268614080988 0.00237832168543897
"255" 0.17365842092685 0.0402189591915401 0.0326508777245552 0.000144714576514688 0.000144714576514688 0.000168160194771477 0.000168160194771477 0.0166191665579009 0.119117128522869
"256" 0.077597549327284 0.0436876596269224 0.0040552306945029 0 0 0 0 0 0.0199499159449824
"257" 0.0261204936646902 0.0197196755825867 0.0174992307236098 0.000235501482891205 0.000235501482891205 4.45780705781348e-06 4.45780705781348e-06 0.00522946880516852 0.0171009329386531
"258" 0.013123408133625 0.00213627369171943 0.000675139899549152 0.000583922824090423 0.000583922824090423 3.9163888764321e-07 3.9163888764321e-07 0.000112472092750576 0.0131565297560947
"259" 0.173684178758363 0.0405370736815399 0.0331552941474521 0.00182747956992531 0.00182747956992531 4.58946457951606e-06 4.58946457951606e-06 0.0168148237555862 0.123968176288615
"260" 0.00870673085234546 0 0 0 0 0 0 0 0.00362668198665212
"261" 0.0695028206963348 0.0302389129912373 0.00787908913472343 0.000344686617213093 0.000344686617213093 0.000421621114631603 0.000421621114631603 0 0.0187774260441235
"262" 0.0501319551725085 0 0.00211699002752097 0.000360215656828349 0.000360215656828349 8.81978202934941e-07 8.81978202934941e-07 1.83839959819178e-06 0.0047973366865511
"263" 0.0183293277032564 0.0373430263922451 0.00560517421094434 0 0 4.50542641864868e-07 4.50542641864868e-07 0.00182682126382884 0.0402127819927401
"264" 0.0325231244934176 0.0229889417231025 0.0201515710568795 0.0196533173784603 0.0196533173784603 5.50040761512808e-06 5.50040761512808e-06 0.0371696366523713 0.0250324466409147
"265" 0.0873049881003106 0.061694761933645 0.00292146484096325 0.00055294829322532 0.00055294829322532 5.09177320206105e-05 5.09177320206105e-05 0 0.0642928617538543
"266" 0.00201181067664521 0.0018789748842883 0.000200993507339907 0.00079356107349113 0.00079356107349113 6.44445463953927e-06 6.44445463953927e-06 0.000557385258028525 0.00126758919844366
"267" 0.041831028134259 0.0216910929496893 0.0118705917635356 0.000883101878997835 0.000883101878997835 9.47198451623694e-06 9.47198451623694e-06 0.00428617250509077 0.0258381314081723
"268" 0.0993961903709228 0.0412882345264701 0.0178385545665535 0 0 0 0 0.0271471697136264 0.108601939889399
"269" 0.0137957017630205 0.00355884421898025 0.0126120623520779 0.00058565116784562 0.00058565116784562 2.79712334301963e-05 2.79712334301963e-05 0.020678254687905 0.0144510581722719
"270" 0.036843612595065 0.0133599576448076 0.00124441032088164 0.000390285680079051 0.000390285680079051 0 0 0 0.0210589721076813
"271" 0.0422072971595597 0.0178445608678634 0.00922651041369486 0.0236769791979372 0.0236769791979372 0 0 0 0.00916502282574398
"272" 0.0217903358150032 0.0238507671279834 0.014673832708367 0.00154419178946379 0.00154419178946379 6.95932294178117e-07 6.95932294178117e-07 0.0087085914920607 0.0210367496388445
"273" 0.127945967629976 0.0386369886293793 0.0217963576155031 0.000162917545210922 0.000162917545210922 1.54687038028563e-05 1.54687038028563e-05 0.036943919766692 0.095792941387982
"274" 0.0261947037738166 0.00851136463257121 0.000527914144971116 2.65778474845541e-06 2.65778474845541e-06 3.4473666698079e-09 3.4473666698079e-09 0 0.00636461016431466
"275" 0 0 0.0242162798099888 4.88478433240901e-06 4.88478433240901e-06 1.53670381542698e-07 1.53670381542698e-07 1.67366630233468e-06 0
"276" 0.0558388824316712 0.0295039987708275 0.0081892910324532 0.000385878877172915 0.000385878877172915 7.54542444842809e-06 7.54542444842809e-06 0.00378852591954065 0.0393726851712594
"277" 0.115551867058893 0.0415107606498999 0.0183491455866664 8.36590422882812e-06 8.36590422882812e-06 1.55999465071662e-06 1.55999465071662e-06 0.00705858299821416 0.0724790392463119
"278" 0.0552006521673787 0.0183784201406858 0.0107545299613851 0.00555330856689092 0.00555330856689092 0.000264874093598182 0.000264874093598182 0 0.0147699061038194
"279" 0.149729982859228 0.0445816544305608 0.0250161998124691 0 0 8.2311389019611e-07 8.2311389019611e-07 0.0230742766481201 0.0651104357105477
"280" 0.0119777671023262 0.00519062816785216 0.0184939781915481 0.0374885059657215 0.0374885059657215 0 0 0.0330405244496085 0.0208680355901544
"281" 0.0419971566259521 0.0310679289924697 0.00955443543921836 0 0 0.034438730066733 0.034438730066733 0.0262966807970309 0.0226763951988354
"282" 0.0344920402143813 0.0146372847822783 0.0167989934529121 0.00317183539198804 0.00317183539198804 5.69977418036554e-07 5.69977418036554e-07 0 0.029744992103773
"283" 0.0131765030233703 0.0270279435257264 0.013227045473452 0.021913381130766 0.021913381130766 0 0 0.000307766893331907 0.0160672492710634
"284" 0.0286904135240387 0.0327995306128273 0.00746464434123205 0 0 8.50442293010122e-05 8.50442293010122e-05 0 0.0500827790373759
"285" 0.0149674921891023 0.0298444183554473 0.0147331010528656 0.0195297876749481 0.0195297876749481 1.21471791253644e-06 1.21471791253644e-06 0.00244488052075419 0.0175657143438425
"286" 0 0.00941013076005058 0.0104274230482953 0 0 0.00044967602653833 0.00044967602653833 0 0
"287" 0.00362247902105377 0 0.00239738011261761 0.00109165563812167 0.00109165563812167 0.000149418797739437 0.000149418797739437 0.00278588374469425 0
"288" 0.000205548335124713 0.000514727782970835 9.46718464420394e-05 6.39355921245352e-05 6.39355921245352e-05 2.84461365768738e-06 2.84461365768738e-06 0.000458078601520201 0.000355853325496339
"289" 0.0593333472554186 0.0585481237200628 0.0133644103046452 2.47489480223958e-05 2.47489480223958e-05 6.19804252945845e-05 6.19804252945845e-05 0.0171787477083317 0.129203039086553
"290" 0.0345868829727851 0.0310098277457542 0.0086558716173411 0 0 0.00154955033128522 0.00154955033128522 0.0148572145587017 0.0196033737993133
"291" 0.0132612122737502 0.041171565760251 0.0309677160773273 0.0864381018948244 0.0864381018948244 0.0433346166479914 0.0433346166479914 0.0432643888318364 0.0377213657230583
"292" 0.0130968199937779 0.00222081260005294 0.00175435279579976 4.55712978052067e-05 4.55712978052067e-05 3.19020919507609e-08 3.19020919507609e-08 4.3074414154762e-05 0
"293" 0.0621920662427268 0.0347828070597206 0.0197697763439686 0.00316979236795779 0.00316979236795779 4.88550387313814e-05 4.88550387313814e-05 0.00395507500340485 0.0444886419455602
"294" 0.0207580929406938 0.0360686277845513 0.00564885722245274 3.96895679129389e-05 3.96895679129389e-05 1.57453266171077e-05 1.57453266171077e-05 0.00130324849417063 0.0260253121066696
"295" 0.0185625569400875 0.0235426533452118 0.00180554417319024 0.000386441664380219 0.000386441664380219 3.78693511682115e-06 3.78693511682115e-06 0 0.0123020791756678
"296" 0.0235739378513111 0.00831984456984783 0.000505738729064769 0 0 0 0 0 0.0212973755962216
"297" 0.0101338364770683 0.0020633904369146 0.00298054660772143 0 0 0 0 2.17226897925457e-05 0
"298" 0.0570829581390903 0.0195057415653334 0.0107764529582779 0.00287643946184212 0.00287643946184212 7.39629648798402e-05 7.39629648798402e-05 6.3783772935953e-06 0.0166591976001175
"299" 0.000173764843753067 0.000470332070233814 7.47985079122968e-05 7.87200860396454e-05 7.87200860396454e-05 1.2869596041032e-06 1.2869596041032e-06 0.000459437736868945 0.000304084523929981
"300" 0.0298968170292622 0.0206943961077679 0.0180292484226202 0.00115054151406887 0.00115054151406887 7.42329374594435e-05 7.42329374594435e-05 0.0155845852097775 0.0419840816921042
"301" 0.0502625671979773 0.0247165739775995 0.00692806756442718 0.00015749603308335 0.00015749603308335 5.68593628747848e-07 5.68593628747848e-07 0.000377498843502265 0.0526163614224075
"302" 0.000789102949203708 9.58026467456528e-05 0 0 0 0 0 0 0.00176757415004287
"303" 0.00036833260565429 0 0.0028433279655481 0.000819297751450412 0.000819297751450412 3.6953913925633e-06 3.6953913925633e-06 0 0
"304" 0.0412675673208909 0.0434407025526449 0.0349562009923084 0.000644318470795799 0.000644318470795799 4.67575094795624e-05 4.67575094795624e-05 0.0153025445936327 0.0536113212833432
"305" 0.0169003122022823 0.0386169233556634 0.00551039987054866 0 0 2.624426784908e-05 2.624426784908e-05 0.000505685204181889 0.0266021746835007
"306" 0.00765505476692308 0.00933255198825183 0 1.1811970545193e-05 1.1811970545193e-05 1.32568162053127e-07 1.32568162053127e-07 0 0.0105057466597686
"307" 0.0524784794323527 0.0263692347659163 0.00778239113558917 0.000101546639349434 0.000101546639349434 0 0 0.000789728263280896 0.0554291823881693
"308" 0.0644906419295292 0.0339618956048563 0.0259186303785936 0 0 2.42621751351821e-06 2.42621751351821e-06 0.00915534644625009 0.0233023832107942
"309" 0 0 0 1.12702913621329e-05 1.12702913621329e-05 0 0 4.15806304506102e-05 0
"310" 0.0782039829681268 0.0349891801368158 0.0236345087273135 0 0 0.000107795004254545 0.000107795004254545 0.0489895914095232 0.117199614018293
"311" 0.0203648379167068 0.0409467116762804 0.00385273688805822 0.000304766833144904 0.000304766833144904 0.000168784183916135 0.000168784183916135 0.00157063446367344 0.0241132786075822
"312" 0.0449976101019569 0.0448112719056932 0.00453581845513043 0 0 0 0 0.0113149143444225 0.0333206126910003
"313" 0.0587173226180862 0.0267088040754805 0.0131976326409911 0.00098042367357628 0.00098042367357628 9.14102292725593e-06 9.14102292725593e-06 0.000819493213578184 0.0318797980797172
"314" 0.0867483255159089 0.0649887874886814 0.0035576970231608 0.00311155527747894 0.00311155527747894 0.00018895287606582 0.00018895287606582 0.000954081928408916 0.0461152739889802
"315" 0.010729743547034 0.0243898934480704 0.00491210159400028 0.00128066329661872 0.00128066329661872 3.8900520451346e-06 3.8900520451346e-06 0.0848884306191338 0.0568098699465909
"316" 0.0120889805919362 0.0357484340583775 0.0163246899155866 0.0251437479147446 0.0251437479147446 0 0 0.0027664429459614 0.0208367590952174
"317" 0.0129184669127209 0.00471863390008446 0.00267729467482152 1.14379551540258e-08 1.14379551540258e-08 0 0 2.70486659526186e-05 6.86466934734158e-05
"318" 0.11844928537116 0.0366405772639135 0.0209414374466933 0 0 3.03855819418074e-05 3.03855819418074e-05 0.0298886789572743 0.0933616357641588
"319" 0.0389477171652425 0.041629241807174 0.0338039088546061 0.0648068898973828 0.0648068898973828 0.000254332655837218 0.000254332655837218 0.0708020133152612 0.0572093169090017
"320" 0.0166924231118112 0.00109226833707827 0.00696789363917117 0 0 1.65854830392964e-07 1.65854830392964e-07 1.07229047318982e-05 0.0045220577759919
"321" 8.38808806911597e-05 0 0.00943585408685214 6.71731112086757e-06 6.71731112086757e-06 1.91258820910522e-07 1.91258820910522e-07 3.44614852208147e-06 5.82317687266412e-06
"322" 0.105936484381058 0.0603691874455502 0.0287057090875086 0.000328973282739417 0.000328973282739417 0 0 0.0543610038171691 0.0348589344891159
"323" 0.0305723480678623 0.0403863723624236 0.0107406611876885 0 0 0 0 0.00202338700581381 0.0410576413207628
"324" 0.0819054705625038 0.0324048398401368 0.00917219099825263 0.0011141973501721 0.0011141973501721 8.40834860382038e-05 8.40834860382038e-05 0.00318079777855299 0.0262103368932081
"325" 0.0170879002969252 0.00777994543201363 0.00165905584158865 8.24527128025389e-07 8.24527128025389e-07 0 0 3.02107981015144e-05 0.00203802765026673
"326" 0.0443427853027665 0.0175352681385859 0.00384102216676498 8.11232124853584e-07 8.11232124853584e-07 0 0 0 0.0296197568909976
"327" 0.0338344183263424 0.0285405124946528 0.00818904615927057 0 0 9.80461670281182e-07 9.80461670281182e-07 0.00100651691214293 0.0153050078820872
"328" 0.000647155574024152 0.0207160702181408 0 1.31869113280708e-05 1.31869113280708e-05 3.01218279855378e-06 3.01218279855378e-06 0.000380289236664884 9.83877337095273e-05
"329" 0.0006719086172702 0 0 2.0482684011477e-06 2.0482684011477e-06 6.31646081965824e-08 6.31646081965824e-08 0 0.000884165761726026
"330" 0.0352999724975074 0.00523988391132905 0.000842859524846672 0.000104965748669881 0.000104965748669881 2.66089593705251e-08 2.66089593705251e-08 2.66402725131154e-05 0.018641601369032
"331" 0.00225951329648564 0.00289330896036909 0.00529193619149307 2.03439314108425e-06 2.03439314108425e-06 1.74324079007213e-08 1.74324079007213e-08 1.39571231088374e-05 0.000495836014192337
"332" 0.0349962161906125 0.0342728024112247 0.00578036443205394 0.00116747311378764 0.00116747311378764 0 0 0.00108736310391144 0.0122098575584659
"333" 0.115730736808573 0.0282005849089483 0.0273248178963721 0 0 0.000443661834153715 0.000443661834153715 0.0136169744989539 0.0847396519804086
"334" 0.0718512348398249 0.0297885941848914 0.0148662835873034 0.00111060326398796 0.00111060326398796 3.45881580170575e-05 3.45881580170575e-05 0 0.0410606738265905
"335" 0.000288145884474319 0 0 0.000127948683053392 0.000127948683053392 1.94034862664688e-07 1.94034862664688e-07 3.45982421660602e-06 0.000232435825040759
"336" 0.0552188517582957 0.0272804357473662 0.0312945614736012 0.0305475300539874 0.0305475300539874 1.70410145790599e-06 1.70410145790599e-06 0.0155798924583366 0.0300973463588361
"337" 0.0459737217031267 0.0278910449615927 0.00669858460187306 0 0 0 0 0 0.0113891457498292
"338" 0.122388050484528 0.0376519285632611 0.0208258814902947 2.37362769011399e-05 2.37362769011399e-05 1.44743434352741e-05 1.44743434352741e-05 0.0327956245533147 0.0902217224920872
"339" 0.0243562383293813 0.0128571339930957 0.0164147332206909 0.000429930520224963 0.000429930520224963 2.17218860759035e-07 2.17218860759035e-07 0 0.0188455070503695
"340" 0.0146811168983498 0.021760418595846 0.0161515594414297 0.00654106754383844 0.00654106754383844 3.31567665368447e-06 3.31567665368447e-06 0 0.0154580575010272
"341" 0.0430120985288993 0.0209395280952993 0.00415969387965054 0.000143877105662376 0.000143877105662376 1.31699316605276e-07 1.31699316605276e-07 0 0.019818591191119
"342" 0 0 0.00664399279288033 2.50236804684049e-05 2.50236804684049e-05 2.13063230117555e-07 2.13063230117555e-07 3.75535732911733e-06 0
"343" 0.0818817268811086 0.0253561714040168 0.0169673011164959 0.000405039477679302 0.000405039477679302 9.86667520246086e-06 9.86667520246086e-06 0.0407614556236139 0.0618835786117536
"344" 0.0546238549370949 0.0273021655491864 0.0153589279279569 0.000259716791577433 0.000259716791577433 0 0 0 0.0785830714710148
"345" 0.0101591121013716 0.000937878778834379 0.0131817638770582 0.000800504521786323 0.000800504521786323 0 0 0.00222396272374219 0.0231906015497458
"346" 0.023360706234387 0.00881652364621891 9.17751160456381e-05 8.32334839299714e-08 8.32334839299714e-08 1.19798131316674e-07 1.19798131316674e-07 0 0.0210584465993129
"347" 0.059459103484187 0.0211982670220905 0.0116613113682666 0.000588041531847294 0.000588041531847294 0 0 0.00203280994268065 0.0220544461142924
"348" 0.00186689901791582 0.00152155921403315 0.00853692021494097 6.08975137344906e-07 6.08975137344906e-07 0 0 7.9709062066547e-06 0
"349" 0.0113681004485803 0.00642275423125708 0.0119903612501724 0.000518712896206775 0.000518712896206775 2.85358665768237e-05 2.85358665768237e-05 0.02784080473201 0.0135490750877241
"350" 0.0505184486765369 0.0324805430030501 0.0245286750515689 0.0157932681891866 0.0157932681891866 0.000337772879829166 0.000337772879829166 0.0201803799067564 0.0398331153481834
"351" 0.0679770396668032 0.0388563936162112 0.00532099443288837 0 0 2.73377125401161e-05 2.73377125401161e-05 0.000524870180512881 0.0211814571646072
"352" 0.000726688123793831 0.00131565286425417 0.000597728451446286 0.000457221445770294 0.000457221445770294 8.46347637724888e-06 8.46347637724888e-06 0.000365299027499325 0.00043340932165739
"353" 0.0265192325067162 0.007248374291645 0.000882784931600885 0 0 1.3076757160398e-07 1.3076757160398e-07 0 0.0114024195818543
"354" 0.0429700301593105 0.0177079253159173 0.0195901683569711 0 0 7.97532872656441e-07 7.97532872656441e-07 0 0.0268648348594616
"355" 0.00831477158675661 0.00113227584285848 0.00310799332810603 9.07940165030141e-06 9.07940165030141e-06 1.45100110473725e-07 1.45100110473725e-07 0.00174787316106096 0.0147671647127352
"356" 0.0663444847733997 0.0308895052194532 0.0321055172561015 0.019795650619024 0.019795650619024 4.59553571016734e-05 4.59553571016734e-05 0.01732704254582 0.0315779243805103
"357" 0.0483548534346859 0.0320091233965557 0.0311879896801876 0.00104133411217288 0.00104133411217288 4.63121747659547e-05 4.63121747659547e-05 0.0277389616714649 0.045186766605895
"358" 0.00199485143203488 0.000725126380618262 0.006492734821235 4.94472844190426e-06 4.94472844190426e-06 0 0 0 0
"359" 0.0176385943395674 0.0281556141385069 0.0135181867032657 0.0203501308747644 0.0203501308747644 1.39269712416536e-07 1.39269712416536e-07 0.00139547619993589 0.0140470287652386
"360" 0.0678157718692302 0.0350245043541502 0.00574064489270347 0 0 5.64121488519256e-05 5.64121488519256e-05 0.00104251559531712 0.0168505910231935
"361" 0.00898823505489046 0.000196068350687462 0 3.92918615252592e-06 3.92918615252592e-06 0 0 0.00548536605461554 0.0123478720899124
"362" 0.0259078532320533 0.00143422432613897 0.000291564789796253 2.00416446155037e-06 2.00416446155037e-06 0 0 0.00646285695241645 0.0325717088678831
"363" 0.0628655828581949 0.0304060327265111 0.0288338323145342 0.0632354106325213 0.0632354106325213 0.0424511657202691 0.0424511657202691 0.0490235698845346 0.0480687871850847
"364" 0.00243777222177792 0.00293157881099492 0.0048204168832439 1.61332183380703e-08 1.61332183380703e-08 6.67377089691578e-09 6.67377089691578e-09 1.59410826115302e-05 0.000885370379023717
"365" 0.038239358538272 0 0.00370871697638106 0.000290969004622458 0.000290969004622458 4.31157697747909e-07 4.31157697747909e-07 0 0.0037403043069694
"366" 0.00533301814564535 0 0.0114234731128644 0.000140464600130083 0.000140464600130083 1.31570643382144e-07 1.31570643382144e-07 2.93092677268143e-06 0
"367" 0.000234444608439784 0.000724483674762067 0.00692663033782825 0 0 6.66630833578041e-07 6.66630833578041e-07 0 0
"368" 0.044880281777393 0.0012493082196175 0.00139385326686725 0.000385784825671114 0.000385784825671114 2.99641267337852e-07 2.99641267337852e-07 0.00014171634700013 0.00669829989301953
"369" 3.8642509813251e-05 0 0 2.75452364650602e-06 2.75452364650602e-06 0 0 0 0.000463342246071502
"370" 0.0494053902592234 0.0135612329532143 0.00745336848384728 0 0 1.14260118830073e-07 1.14260118830073e-07 0.0341459312862119 0.0634536306198956
"371" 0.0132581520228136 0.0108397388917742 0.000528643278068273 0 0 4.57759888040266e-08 4.57759888040266e-08 0.000256092284573666 0.00778345913331707
"372" 0.0122797504127126 0.020814588106321 0.00166357678975166 0.000369065362744333 0.000369065362744333 1.40815634130052e-05 1.40815634130052e-05 0 0.0116827944386144
"373" 0.0748103197704228 0.0408627652945109 0.00283510041644767 0.000127250412491465 0.000127250412491465 8.14031634748663e-05 8.14031634748663e-05 0 0.0114288765113386
"374" 0 0 0.0239069435003795 2.39054436090618e-06 2.39054436090618e-06 5.27638302732319e-08 5.27638302732319e-08 8.82294739757732e-07 0
"375" 0.0370850855723434 7.60488633273164e-05 0.00127434406206213 0.000442244181258501 0.000442244181258501 1.85433355127683e-06 1.85433355127683e-06 8.04021750665952e-05 0.00307942990214234
"376" 9.39577269498043e-05 0.000286997833604118 0 0.000173222072737027 0.000173222072737027 0 0 0.00052470987339976 0
"377" 0.00148534004608978 0.00208438440395355 0.000355852687117624 0.000389399168965269 0.000389399168965269 2.10203230398697e-05 2.10203230398697e-05 0.000625385425748172 0.000867180025908386
"378" 0 0.000662573911089858 0.0123816873778205 0 0 3.90531985685157e-07 3.90531985685157e-07 0 0
"379" 0 0 0.0255250305433437 7.77453903974871e-06 7.77453903974871e-06 4.59109674755763e-06 4.59109674755763e-06 1.76107579750634e-06 0
"380" 0.000326018316800141 0.000707894060122673 0.000150930716528313 3.5292869018378e-05 3.5292869018378e-05 2.75101026601658e-06 2.75101026601658e-06 0.000468082095602011 0.000204885844972331
"381" 0.00420247423041691 0.0160463752562606 0.00150838413246637 0.00044688009400308 0.00044688009400308 1.17635471516001e-06 1.17635471516001e-06 8.15349527582541e-06 0.00813040655492558
"382" 0.00437949377278487 0 0.000225875736771309 2.87026312283347e-07 2.87026312283347e-07 3.21817941011995e-07 3.21817941011995e-07 0.000571345755203064 0.00451711636457192
"383" 0.0847011064382 0.0481451170902238 0.00317560476766471 5.73593878490328e-06 5.73593878490328e-06 7.02878530028422e-05 7.02878530028422e-05 0.00033232479484417 0.0193611739498989
"384" 7.08218184895405e-05 0.000297755167496043 0 0.000188330905548277 0.000188330905548277 7.68774023454777e-06 7.68774023454777e-06 0.000522201014592713 0
"385" 0.000942459737125358 0.00200248785391936 0.000124792852919929 5.31763052945028e-05 5.31763052945028e-05 1.36803357548104e-07 1.36803357548104e-07 0.000198296278959436 0
"386" 0.0574173638382238 0.0457842975511391 0.0300049871402508 0 0 0 0 0.0280029225158139 0.0509943042271492
"387" 0.04464435912626 0.0512652181877346 0.0351527991560055 0.00404742168543806 0.00404742168543806 0.0330924474509567 0.0330924474509567 0.107487685681446 0.0427831685700062
"388" 0.139012759594081 0.0307090130175355 0.0259222009298222 0 0 5.10737831404318e-05 5.10737831404318e-05 0.0408181332233886 0.0885426634662391
"389" 0.00916875123860494 9.01578460936196e-05 0 0 0 4.36384953417577e-05 4.36384953417577e-05 0.000315191059127105 0.00737190134515536
"390" 0.0571596549755593 0.0468572787375663 0.0298940327402611 0.000217170202761754 0.000217170202761754 6.28093631722109e-05 6.28093631722109e-05 0.0417093056436878 0.0482211621149806
"391" 5.37319613927186e-05 0.000152816712719785 0 8.11766952570696e-05 8.11766952570696e-05 0 0 0.000409907148272424 8.83990207005599e-05
"392" 0.000297757791400468 0 0 0.000119045007026183 0.000119045007026183 6.71397873964664e-07 6.71397873964664e-07 5.35142713288166e-06 0.000215732535225059
"393" 0.0295102223558494 0.0110353529025503 0.0134187785446905 0.0107758629001243 0.0107758629001243 8.97811087095882e-05 8.97811087095882e-05 0.000454572728371235 0.0290876537454314
"394" 0.00923410612453362 0.0191385680717286 0.00161244439311615 0.00039362218078293 0.00039362218078293 2.3602214191986e-06 2.3602214191986e-06 0 0.0104532722660585
"395" 6.05276190512082e-05 0 0.010386083521768 1.85955989722147e-06 1.85955989722147e-06 1.78541038835945e-06 1.78541038835945e-06 2.06802517873948e-07 0
"396" 0.033273820328507 0.0167116168242908 0.0230556109924178 0.00204503884541915 0.00204503884541915 7.00721204241365e-06 7.00721204241365e-06 0 0.0112184990486193
"397" 0.0300813366808217 0.0337119763051719 0.00490958822260174 0 0 6.23824335920197e-07 6.23824335920197e-07 0.0101840652881706 0.0146430949731614
"398" 0.0890537131270261 0.0400234308880072 0.0180264575639314 0 0 4.75800470482875e-06 4.75800470482875e-06 0.0257366138325483 0.0909544173235295
"399" 0.0139698207075806 0.0339105412378216 0.00693833720101265 0.000430659712673435 0.000430659712673435 3.58400207148802e-06 3.58400207148802e-06 0 0.0273126395557412
"400" 0.0384809751380337 0.023722751785745 0.00964985434089752 0.000349533023554229 0.000349533023554229 1.38779943812412e-06 1.38779943812412e-06 0.00353973567932767 0.0169747730218863
"401" 0 0.00105946568098054 0.0136864043127173 4.51867922237809e-07 4.51867922237809e-07 0 0 1.3063838859944e-06 0
"402" 0.0316463144288493 0.03603723871732 0.00826440580655871 6.40672845476263e-05 6.40672845476263e-05 2.08404490673794e-05 2.08404490673794e-05 0 0.0333252873373429
"403" 0 0.000525846292927335 0.0194967859010961 0 0 5.3979439609949e-07 5.3979439609949e-07 0 0.000115821788704894
"404" 0.0290761087468539 0.0165407079259853 0.00380895278341465 0 0 8.81972859926273e-08 8.81972859926273e-08 0.000591937839678146 0.0401857657793377
"405" 0 0 0.000756371760371095 9.08983415777423e-05 9.08983415777423e-05 7.18854209467095e-05 7.18854209467095e-05 5.03861233301995e-06 0
"406" 0.0396806567008342 0.00534231925873648 0.00100071999541556 2.0781189403305e-05 2.0781189403305e-05 1.68695009536817e-07 1.68695009536817e-07 0 0.0197342493763711
"407" 0.00970505608334355 0.000385901324801537 0 0 0 1.01412592188374e-07 1.01412592188374e-07 0.000299561247281249 0.0111088786606406
"408" 0.0249143622410796 0.0264318339415311 0.00191565160664126 0.000351665760068635 0.000351665760068635 0 0 0 0.0142188334383059
"409" 0.0695456376519685 0.0266945157543926 0.00952702509445945 0.00325841154386516 0.00325841154386516 4.64409676490308e-06 4.64409676490308e-06 1.94895753596897e-05 0.0202758501926591
"410" 0 0.000947728744852724 0 0.000123764907346595 0.000123764907346595 0 0 0.000142554560273689 0
"411" 0.0770497278258926 0.034594564372702 0.0126362624625089 0 0 1.51285491622483e-07 1.51285491622483e-07 0 0.079263147067696
"412" 0.000647773498680354 0.000969191992458505 0.00683780896381875 0 0 1.16087654076283e-05 1.16087654076283e-05 0 0.000354608087715161
"413" 0.00577238120689286 0 0 0 0 1.30859419631353e-07 1.30859419631353e-07 0.000151618619853118 0.00627560027714826
"414" 0.0552183121063918 0.0258445292497233 0.0318729356425531 0 0 6.52578534660308e-06 6.52578534660308e-06 0.0861927948812393 0.00932250345068538
"415" 0.0319364669777348 0.0294150923614619 0.00895358284461298 0 0 0.00011223186828578 0.00011223186828578 0.0104363277280039 0.0156505035468336
"416" 0.0292809833847697 0.0353673402226536 0.00437232313725837 0.0157925094466105 0.0157925094466105 0 0 0 0.00912503752559779
"417" 0.0196683890096896 0.0228714130635773 0.0217005736843937 0.00310023980281233 0.00310023980281233 0 0 0.00189292284332378 0.00679681721387836
"418" 0.163211888551237 0.0321621124520426 0.0318044512783406 0.000591791514545316 0.000591791514545316 0 0 0.00779291521046111 0.0972662401969756
"419" 0.0695305769909829 0.0240685187066948 0.0107020656837363 0.00790204764502515 0.00790204764502515 6.31530322837865e-06 6.31530322837865e-06 0.000826147821934834 0.0223063522771224
"420" 0 0.000744949706064818 0.0124973665389339 2.31236676409258e-07 2.31236676409258e-07 0 0 1.15305952076722e-07 0
"421" 0.0570768255165303 0.0220984019091875 0.00131701169783701 0.000341043873259622 0.000341043873259622 3.17079976738662e-06 3.17079976738662e-06 1.90286491274474e-05 0.0378767061496965
"422" 0.0241124007170192 0.00638860992487642 0.00061248855225047 0.000335349963893219 0.000335349963893219 2.48324978739796e-07 2.48324978739796e-07 0 0.00633819916100767
"423" 0.0625546806713044 0.0289366371705427 0.0108044276298391 0 0 9.09909247478318e-05 9.09909247478318e-05 0.0148922397174344 0.0235057519224798
"424" 0.000341600329873846 0.000144377775772976 3.70891760603853e-05 2.70917310048564e-07 2.70917310048564e-07 0 0 0.00036142749285195 0.000236457784137664
"425" 0 0 0 6.84962911220824e-05 6.84962911220824e-05 0 0 0.000103415727740104 0
"426" 0.0381738234024955 0.00349668092507731 0 0.000771005713953492 0.000771005713953492 0.000170917313412711 0.000170917313412711 0.018415597721836 0.0413172819796578
"427" 0.0797583369446392 0.0278441732118546 0.0161615409987452 0.00698009996444022 0.00698009996444022 8.23935074411757e-05 8.23935074411757e-05 0 0.0402092955848983
"428" 8.39399955261861e-05 0 0 8.66690353846997e-05 8.66690353846997e-05 8.54722862743149e-06 8.54722862743149e-06 0.000415349212593586 0
"429" 0.0148609472145032 0.0034750868288604 0.000798948843761401 0 0 1.37817878970046e-08 1.37817878970046e-08 8.68316778560131e-05 0.00866844980444036
"430" 0.0156935815898275 0.0295744410463473 0.0138566322908033 0.017127000392316 0.017127000392316 0 0 0.0033613433185133 0.0151533231028217
"431" 0.00621004932255465 0.0142458692239822 0.0130309745145937 0.00235335532555242 0.00235335532555242 0 0 0.0540811843308242 0.0222658093951675
"432" 0.0329422530092207 0.024210292510119 0.00803058382872652 0 0 8.99822911529364e-07 8.99822911529364e-07 0 0.0104237665188758
"433" 0.0286925944908065 0.0107642062285444 0.0139445537725403 0.0133825407915199 0.0133825407915199 1.18238187020717e-07 1.18238187020717e-07 0.000426062230174362 0.0276243425156131
"434" 0.0828781929875213 0.0274864659478437 0.0215397520714395 0.0057616759842124 0.0057616759842124 8.67535673550627e-05 8.67535673550627e-05 0.00744932987031216 0.0444201068382592
"435" 0.0348786428962353 0.0237341697340173 0.0232652746416674 0.00106732444464901 0.00106732444464901 0 0 0.0140826349398141 0.0169838320754257
"436" 0.0353498560251238 0.0231667604468326 0.0238186732337243 0 0 4.26687821734363e-05 4.26687821734363e-05 0.0143730156775812 0.0182789649994897
"437" 0.0354987949410627 0.0132359432928475 0.0144576968016049 0.0217654409198786 0.0217654409198786 1.37733845524801e-06 1.37733845524801e-06 0.0274635540885597 0.0221029908739501
"438" 0.0692932761791985 0.0405422420957918 0.00218536172120031 0.00024981798674972 0.00024981798674972 0 0 1.49896578088521e-05 0.0483362094552487
"439" 0.041108825864309 0.0155538585181743 0.0155985021128742 0.0120039805945523 0.0120039805945523 4.14414286960522e-08 4.14414286960522e-08 0 0.0379536074207253
"440" 0.072968110824855 0.0447485503019935 0.00270352494438142 0.00145910531489198 0.00145910531489198 0.0001171248607054 0.0001171248607054 0.000947693021705895 0.0243781607570919
"441" 6.71090754886139e-05 7.88207182834062e-05 0.000108465640778488 0.000302591143866876 0.000302591143866876 0 0 0.000412422282299294 0.00058445941781588
"442" 0.0531106358189773 0.00178109666261773 0.000307435054362627 3.96024994371452e-08 3.96024994371452e-08 1.52867278047718e-06 1.52867278047718e-06 0.000244367022898359 0.0503297374544935
"443" 0 0 0 0 0 0.000137989258200332 0.000137989258200332 0 0.000216405912435204
"444" 0.0687879108061225 0.05990475720508 0.00408527810540753 0.00176477870315613 0.00176477870315613 0.000252863523024863 0.000252863523024863 0.00170464280219117 0.0498371805477052
"445" 0.0267275555954033 0.020460987395012 0.0174413001414641 0.0104611580144139 0.0104611580144139 7.39673513369085e-07 7.39673513369085e-07 0.00113815801726578 0.0190699022137585
"446" 0.0471892772002125 0.0552200709431106 0.00621478458015912 1.01987683325917e-05 1.01987683325917e-05 1.60596075526342e-05 1.60596075526342e-05 0.01483295061542 0.0417752875477227
"447" 0.10810759774845 0.0334719194820625 0.0352097289460263 0.0032548749910213 0.0032548749910213 0.000177849321375737 0.000177849321375737 0.0180223802671162 0.0971601900493533
"448" 0.0995117955897593 0.0471149165153918 0.0320655432892383 0.000394646636347235 0.000394646636347235 0.000100635654854451 0.000100635654854451 0.0499242770053915 0.0300148777904716
"449" 0.00100180816592118 0.000870346615848126 0.000717784571949301 2.2024101183608e-05 2.2024101183608e-05 4.93142284922202e-08 4.93142284922202e-08 2.81492029307435e-06 0.000338453649991741
"450" 0.0611885726191529 0.0377529130292624 0.0332201167415439 0.0198784335041158 0.0198784335041158 0 0 0.0541088024569646 0.0303433297947273
"451" 0 0.002275179625199 0.00536663623755802 0.00015200521670598 0.00015200521670598 0 0 0 0
"452" 3.93797463710711e-06 1.65701688177326e-05 3.20284686419779e-05 0 0 0 0 8.98967096031321e-05 0
"453" 6.29097679961181e-05 0.000283604772504338 0 0.000185143348738658 0.000185143348738658 0 0 0.00052508662397835 0
"454" 0.0532869011930868 0.00182321401546091 0.000294630284592525 6.81022224320698e-09 6.81022224320698e-09 0 0 0 0.0518801661860844
"455" 0.00149338021104002 0 0.013642999145386 9.35564985390648e-05 9.35564985390648e-05 1.33936650637854e-07 1.33936650637854e-07 0 0
"456" 0.000403849530085991 0.000838177630505874 0.000183374216555472 2.48786167978189e-07 2.48786167978189e-07 0 0 0.000462712408516152 0.000154121183039292
"457" 0.0223988851055157 0.016951538221024 0.0124938448700577 0 0 2.54066565731302e-08 2.54066565731302e-08 0.0092667032487821 0.0242297198410459
"458" 0.0492348385675964 0.0297794415560038 0.00306268633265322 0.000165973519908908 0.000165973519908908 1.33669492555454e-06 1.33669492555454e-06 1.70415493110941e-05 0.00376887367163714
"459" 0.000160376654971978 1.61787617711747e-05 0 0 0 0 0 0.000151456113997792 9.01096525680037e-05
"460" 0.0165045671998765 0.0383348006526544 0.0056246389801195 0 0 1.58284415483238e-06 1.58284415483238e-06 0.000373719489116695 0.0265704096585521
"461" 0.0104157075600704 0.000122519299458697 0 7.03184041659808e-05 7.03184041659808e-05 0 0 0.000196463808890292 0.00937003116891504
"462" 0.029963877888723 0.00110975719660753 0.00150512351868614 0 0 3.497401896041e-05 3.497401896041e-05 0.000108818635572022 0.0274015593355765
"463" 0.00180629275336694 0.00342282421435365 0.00131052633241182 0.00100980530613462 0.00100980530613462 1.41849715320763e-05 1.41849715320763e-05 0.000825173169682185 0.00115372567279138
"464" 0.125749840240621 0.0512734006377874 0.0239750566822397 7.72112761721146e-05 7.72112761721146e-05 0.000110866741925917 0.000110866741925917 0.0456245797394174 0.0513357791369153
"465" 0.00441041436455305 0.00419882854364083 0.00936939791762256 0.000234009658867313 0.000234009658867313 0 0 0 0.0110189448133091
"466" 0.0131503779121118 0.0114572058750374 0.00123163756457057 0.000135222275579975 0.000135222275579975 5.43795971710747e-08 5.43795971710747e-08 0.000777822207481398 0.0298422532249367
"467" 0.000270255986811681 2.558207827386e-05 6.93504915172936e-06 0 0 6.15568018792943e-07 6.15568018792943e-07 0.000229422984090296 0
"468" 0.0196798801331554 0.0105850132100492 0.00505398663597759 0 0 1.1750412867202e-05 1.1750412867202e-05 0.00707414782618589 0.0832250183338109
"469" 0.0301703026255934 0.00112349930637203 0.00131559778628554 2.22163179700961e-07 2.22163179700961e-07 5.3704587144374e-07 5.3704587144374e-07 0 0.0286304147964733
"470" 0.0531503196726148 0.00276070227487024 0.000224637407079072 0.000183877683642869 0.000183877683642869 8.12842937529786e-08 8.12842937529786e-08 0 0.0482020547982561
"471" 0 0 0 0 0 0 0 0 0
"472" 0.00713980991187358 0.000179729945980355 0 0 0 0 0 0 0.00787144092691174
"473" 0.134981962840885 0.032014651803218 0.0301578662750025 0 0 7.98507631202895e-06 7.98507631202895e-06 0.0273124377768968 0.106772453533153
"474" 0 1.84494981917411e-05 0 0 0 3.84504370865891e-07 3.84504370865891e-07 5.39310873743921e-05 0
"475" 0.000150074949518245 0.00042728399132996 5.01088033731171e-05 0.000177451880555985 0.000177451880555985 0 0 0.000464341719584457 0.000720113239767355
"476" 0.000362179168422985 5.20598326690242e-05 1.80003817103711e-05 1.36518995382198e-07 1.36518995382198e-07 2.14499110935718e-07 2.14499110935718e-07 0.000293772716727864 0
"477" 0.0729074838175055 0.0417495021665174 0.0119754561480482 0.000817145254513174 0.000817145254513174 1.37747117853002e-07 1.37747117853002e-07 0.0145443012428535 0.0872790708369395
"478" 0.0441785811455861 0.0236747098849571 0.0181160195288107 0.000629421223044069 0.000629421223044069 0 0 0.0138848289801173 0.0903855145626075
"479" 0.000807623902925219 0.00112730539144989 0.00396113776744204 0 0 8.54694663886903e-08 8.54694663886903e-08 0 0.000301014721657548
"480" 0.0570399677579728 0.0051972796089907 0.002728103577322 0.000232129921154496 0.000232129921154496 1.30597505781776e-07 1.30597505781776e-07 2.71556376376884e-06 0.018501464442367
"481" 0 0 0.0229537382260247 3.77513479310223e-05 3.77513479310223e-05 7.88880473732177e-07 7.88880473732177e-07 1.94104869682557e-06 0
"482" 0.0720064654790008 0.0405480535523307 0.0147856325436826 0.000874215704563899 0.000874215704563899 0.000252028644559049 0.000252028644559049 0.024233757238329 0.0640195548104814
"483" 0.0621293204326121 0.0296756561845398 0.0309817096159936 0.0209861722296819 0.0209861722296819 0 0 0.0170171331981326 0.0315262758428573
"484" 0.0758143160465864 0.0404769460202319 0.0154961505073801 0 0 5.08410484078905e-08 5.08410484078905e-08 0.0230902840076268 0.0640370439289194
"485" 0.00511891874502468 0.0066726885628019 0.00435113936916377 0.00333743397258328 0.00333743397258328 1.26387973420715e-05 1.26387973420715e-05 0.00232603475982331 0.0042381623265038
"486" 0.0743407464063724 0.0599382255407961 0.0312865566341382 0.0181660496189217 0.0181660496189217 0.000161188390076577 0.000161188390076577 0.0903129795069414 0.0356767373103556
"487" 0 0 0.0146528231010696 9.4332186375376e-05 9.4332186375376e-05 1.70456452693144e-06 1.70456452693144e-06 2.4707240837635e-06 0
"488" 0.0649502081448592 0.0283122926048872 0.0110188128116368 0 0 1.10958917962438e-06 1.10958917962438e-06 0.0112102776753038 0.0231077580844575
"489" 0.0297549302781276 0.0252235097813869 0.0170371318983514 0.00969708792192388 0.00969708792192388 3.3122376078131e-06 3.3122376078131e-06 0.000223427617012947 0.0231502825358707
"490" 0.118034176296214 0.0443859116018407 0.020549451842183 8.32117280880592e-05 8.32117280880592e-05 1.87325439714203e-05 1.87325439714203e-05 0.0106405251231271 0.0877586013335904
"491" 0.103089553011355 0.0472329047875569 0.019963013616326 2.61171508196555e-05 2.61171508196555e-05 1.25085717188632e-07 1.25085717188632e-07 0.0301689061939562 0.048180974985688
"492" 0.00573543544557967 0.00450212085853846 0.000456793844150813 0 0 1.35743986327921e-08 1.35743986327921e-08 0 0.00594059827894857
"493" 0.0107832038476947 0.000160127000512766 0 0.000144459847049612 0.000144459847049612 0 0 0.00101427310379821 0.00966398094579714
"494" 0.0579505725148417 0.0206126667341316 0.0110293058624692 0.000777531694214685 0.000777531694214685 3.21932634150235e-05 3.21932634150235e-05 0.000697375787062326 0.0187114957149294
"495" 0.138907175794297 0.029800648731826 0.025131924434828 0 0 0 0 0.0406707307479145 0.0841491137674087
"496" 0 0.000475927779216561 0.0223087410452945 1.43741382741042e-07 1.43741382741042e-07 6.55904261441828e-10 6.55904261441828e-10 0 0.000283303860386273
"497" 0.000423622341014617 0 0 0.000133589351425612 0.000133589351425612 0.000340122891977956 0.000340122891977956 3.43273624110633e-06 0.000351531100271827
"498" 0.0183228631488778 0.0256548739557614 0.0105557941128323 0.00116860708640829 0.00116860708640829 4.54966092011832e-07 4.54966092011832e-07 0.000690986945649025 0.0171442620131071
"499" 0.117372060549721 0.031557806845713 0.0229748292726651 0 0 1.13064641119246e-05 1.13064641119246e-05 0.0222585442549646 0.097575416813967
"500" 0.000650513706366512 0.000856830790650574 0.00702538000053172 4.78481280910372e-06 4.78481280910372e-06 8.93280886034254e-08 8.93280886034254e-08 2.14543073089792e-06 0.000371967108811122
"501" 0.0378699853835883 0.0404992205588849 0.00469095984714899 0.00113573125891197 0.00113573125891197 0.000112519566838278 0.000112519566838278 0.000262588074417887 0.0422769543597599
"502" 0.066050103019927 0.022590270493608 0.0111434530166816 0.00505615331067928 0.00505615331067928 3.49277514785174e-06 3.49277514785174e-06 0.00202939578034942 0.0230736883793382
"503" 0.138153168649441 0.0278933270171612 0.0246352990138515 0 0 1.42089624580419e-05 1.42089624580419e-05 0.0436817824527947 0.0749007137841086
"504" 0 0.00520772030974893 0 0.000383868263722173 0.000383868263722173 2.68357305927086e-05 2.68357305927086e-05 0.000198634558749034 0
"505" 0.0137321747381793 0.0255796604461766 0.01951953117084 0.0297334755545599 0.0297334755545599 0 0 0.00033711177462042 0.00843306032889601
"506" 0.00865128098811006 0 0 4.35546059059803e-05 4.35546059059803e-05 1.47096290559764e-06 1.47096290559764e-06 0.0319169591994176 0.0133716785237873
"507" 0.0144889860269267 0.0169117656118722 0.00437332596039435 0.000252067070247683 0.000252067070247683 3.53560754009929e-06 3.53560754009929e-06 0.0230354646786834 0.0468976179802834
"508" 0.0251171373999824 0.0143132404067671 0.00249015403459745 0 0 0 0 0.00149618045411758 0.03706797145832
"509" 0.0309433112331167 0.0226779945670818 0.00320984138447453 1.24449969551092e-05 1.24449969551092e-05 2.24752145926893e-05 2.24752145926893e-05 0.00444852444287907 0.032073665881908
"510" 0 0 0 0.000344080536513763 0.000344080536513763 3.53980569536714e-05 3.53980569536714e-05 0.000345118383037893 0
"511" 0.104732068540397 0.042027043257922 0.0151045262727531 5.52272686722165e-05 5.52272686722165e-05 0 0 0.00792940552196475 0.0977612868230777
"512" 0 0.000202368569139023 0.022829256079739 0 0 1.08252192092345e-08 1.08252192092345e-08 0 2.88043518829851e-05
"513" 0.0268561723167579 0.00342098754158135 0.000527101743383685 8.9584139239278e-05 8.9584139239278e-05 4.09945471258872e-07 4.09945471258872e-07 0.000513999700541951 0.0170422998918005
"514" 0.0997696590564536 0.0428352880033406 0.0185309263929776 1.95363799677436e-06 1.95363799677436e-06 6.63422769923748e-08 6.63422769923748e-08 0.0272910901532508 0.0572255957217128
"515" 0 0.000271794113223208 0.0234589149596571 3.71064808165258e-07 3.71064808165258e-07 9.55740901412122e-09 9.55740901412122e-09 0 9.15425744086958e-05
"516" 0.000168725225870184 0.000404607209355814 7.41650988213167e-05 3.81859490522872e-05 3.81859490522872e-05 5.62614326941019e-08 5.62614326941019e-08 0.000432912766369592 9.03236812182453e-05
"517" 0 0.000635031561690617 0.0153607113161876 3.89453837488402e-07 3.89453837488402e-07 0 0 0 0
"518" 0 0 0.0041251373318992 4.52970680670401e-05 4.52970680670401e-05 3.9309175107431e-08 3.9309175107431e-08 2.45559302545137e-06 0
"519" 0.00107477345437803 0 0 2.3330804619151e-05 2.3330804619151e-05 9.8655525950277e-07 9.8655525950277e-07 0.00135994092010014 0.00353147150584224
"520" 0.014821971615808 0.000927683179524112 0.00744230929761563 1.96260358804112e-06 1.96260358804112e-06 2.2465371800726e-08 2.2465371800726e-08 6.52036015281346e-06 0.00385342519545619
"521" 0.058893426761516 0.0221782033612067 0.0102588782303927 0.0033326697203555 0.0033326697203555 0 0 0 0.0173569117971372
"522" 0.0120743649728853 0.0271613025546248 0.0126184521930446 0.0117010306541148 0.0117010306541148 0.000456414968260094 0.000456414968260094 0 0.0142448699152315
"523" 0.0247936354510699 0.00151054239916532 0 0.000735773435285632 0.000735773435285632 9.17446367024613e-08 9.17446367024613e-08 0.027525782375467 0.0380877953271332
"524" 0.0250531526407245 0.0224260722900339 0.0112522315564619 0.000943613476218309 0.000943613476218309 2.92860833759377e-05 2.92860833759377e-05 0.00294385304433254 0.0119949763507195
"525" 0.0311340591091461 0.0355802686167684 0.00521117192005624 0.00176767286246392 0.00176767286246392 7.82776593712848e-05 7.82776593712848e-05 0.000885349792122419 0.00928291527666225
"526" 0.00417389802167484 0.00936110558475437 0.00799443855902406 9.552943705805e-06 9.552943705805e-06 0.00916971497564057 0.00916971497564057 0.0269296428197068 0.018033182829202
"527" 0 0.000777370583538873 0.00672754000732791 0.0146399257701641 0.0146399257701641 0.0239040826985873 0.0239040826985873 0.00885820256449656 0.000897891383512212
"528" 0.0173130155546092 0.0181672382878629 0.00596353488817696 7.7873036256308e-06 7.7873036256308e-06 0.00757687920488702 0.00757687920488702 0.022871348896312 0.0244645629284321
"529" 0.000529594881173041 0.000185381698109774 0.00699711650200385 0 0 9.43251322956481e-08 9.43251322956481e-08 2.18902562396426e-05 0.000413405515447778
"530" 0.0101478628481553 0.00303725914346435 0.0095335075489033 5.93647820854831e-06 5.93647820854831e-06 3.22278450280842e-05 3.22278450280842e-05 0.00141893298128816 0.00447043106013279
"531" 0.00121845995900591 0 0.00990897766894959 6.42066765952865e-07 6.42066765952865e-07 0 0 0 0.00405590379025239
"532" 0.00255304520649967 0.0083655941497131 0.0154717876098249 3.90872879007179e-07 3.90872879007179e-07 0 0 0.00600688057495593 0.0250930988647218
"533" 0.0163112125106688 0.00855468950087506 0.0068275758657832 0 0 0.0121862324247431 0.0121862324247431 0.0210149140030678 0.0134085609447224
"534" 0.000546650782460137 0.00311203619297916 0.0135304400785752 0 0 1.72394157082023e-05 1.72394157082023e-05 0 0.0133020858912193
"535" 0.019246950545519 0.00337328737698477 0.00446598116884052 0 0 1.95189159780473e-06 1.95189159780473e-06 0.00468054793283338 0.00065441225279998
"536" 0.0162296372572934 0.00153229247193512 0.0132984650016566 2.04986981690533e-07 2.04986981690533e-07 2.18579703742113e-06 2.18579703742113e-06 0.000228466529728682 0.0237144454418614
"537" 0.000641979162868585 0.000453529768091409 0.0041995391584607 0 0 1.57886324893445e-06 1.57886324893445e-06 3.21441272563294e-05 0
"538" 0.0136055630182425 0.014209420853299 0.0130364982746333 0 0 0 0 0.0222400057444391 0.0175866020207247
"539" 0.00790683187283987 0.0133484497171389 0.0153089056485414 2.06920830647292e-07 2.06920830647292e-07 0.014781144817305 0.014781144817305 0.0475367786865692 0.0251811893336544
"540" 0.00737799706226141 0.0132914701222216 0.015459461730429 0 0 0.00137682785471389 0.00137682785471389 0.0456127070722801 0.0263657428509052
"541" 0 0.000144042635109209 0.00415207154816747 6.8881347103619e-06 6.8881347103619e-06 5.47004208677179e-05 5.47004208677179e-05 0 0
"542" 0.0342664111295073 0.0106263974760778 0.00243832645065166 0.000391671631351838 0.000391671631351838 4.69927507561352e-06 4.69927507561352e-06 0.0229793418232692 0.0490112819898984
"543" 0.013111161806479 0.000831746778595383 0.0045692773448307 0 0 7.68288171697349e-06 7.68288171697349e-06 0.00830247723193576 0.00130766069236463
"544" 0.00463466250078344 0.0105641586721927 0.0032326872385655 0.000334504889994245 0.000334504889994245 0.0108665350074397 0.0108665350074397 0.00055374778500069 0.0239849582032854
"545" 0.000800164765734533 0.00207090925393665 0.00337415038601787 3.86969407885713e-05 3.86969407885713e-05 0.0212764384994863 0.0212764384994863 0.000199409477030101 0.00125615405079355
"546" 0.00335305246894384 0.000963483537588209 0.00403948451344705 1.28836124728972e-05 1.28836124728972e-05 9.6579330578047e-05 9.6579330578047e-05 0.000120541809446718 0
"547" 0.0101715894852123 0.00609321851559472 0.00515576119278952 0.000431638153430998 0.000431638153430998 1.29939162126339e-06 1.29939162126339e-06 0.000293496411171216 0.00706652034588224
"548" 0.0272415175943652 0.0226554553651192 0.0101267699611781 0 0 6.00404145047437e-06 6.00404145047437e-06 0.0362214415486979 0.0232098694067295
"549" 0.0217509747081129 0.0117545285467747 0.0131206600364456 8.60649192211047e-06 8.60649192211047e-06 4.50042473053052e-05 4.50042473053052e-05 0.00566906172531821 0.0202242608042595
"550" 0.000839212416728424 0.0056880674556914 0.0129564868593383 0 0 0.00775319327536677 0.00775319327536677 0.010018403095527 0.0143345354155498
"551" 0.00753142432836373 0.000373829955211779 0.0056822394837843 4.61792974919953e-06 4.61792974919953e-06 0 0 0.00551444170593995 0.00177402911405614
