"V1" "V2" "V3" "V4" "V5" "V6" "V7" "V8" "V9"
"1" 0.00148634270560084 0.00134321667885247 0.00328482861537713 0.00980627093622754 0.00980627093622754 0.0183233552434337 0.0183233552434337 0.00255517003306619 0.00384850047745365
"2" 0.00110992247603645 0 0.00104003344962784 0.00576428333775001 0.00576428333775001 0 0 0.00202219075721758 0.000175620163453511
"3" 0.00512695116096607 0.00753488689538605 0.00568854891165124 0.00675659018182938 0.00675659018182938 0 0 0.00238756155445046 0.00544785463922999
"4" 0.00914109724062793 0.0111255396607285 0.0102237262825106 0.00964399009282993 0.00964399009282993 0 0 0.00301812148982368 0.00935803415282835
"5" 0.00743370449043835 0.00990541163031462 0.00942257794287791 0.00932360539609318 0.00932360539609318 1.74438761157565e-05 1.74438761157565e-05 0.00286412969957691 0.00812490047615892
"6" 0.0111777431977015 0.0122041665050363 0.0126607772441778 0.0109162369401137 0.0109162369401137 1.78145765551131e-05 1.78145765551131e-05 0.00324889210235558 0.0111712860172871
"7" 0.0045957255802254 0.00524445607251034 0.00371358224577662 0.00428499818809208 0.00428499818809208 0 0 0.0022538628973815 0.00427806326116778
"8" 0.0156512335957679 0.0198257199285936 0.0146373247440942 0.00835150759300943 0.00835150759300943 0.000176155323035968 0.000176155323035968 0.00317328677099439 0.0106894152095512
"9" 0.00084116318446783 0 0.00211844568220343 0.0108502985483395 0.0108502985483395 0 0 0.0025533399634392 0.00250248178050321
"10" 0.0153591616994865 0.0206955829059437 0.0159951414402402 0.00969030775758856 0.00969030775758856 0 0 0.00331956952126527 0.012386841238536
"11" 0.00620127362925865 0.00864342754998316 0.00731280495615749 0.0080395881371549 0.0080395881371549 1.78705703118339e-05 1.78705703118339e-05 0.00261435361628022 0.00668587923456329
"12" 0.00943189842011592 0.0114848434864228 0.0104026773304249 0.00943543999369901 0.00943543999369901 0.00016380572015569 0.00016380572015569 0.00296312770131664 0.0089898294212995
"13" 0.00105066374522288 0 0.00149515647616813 0.000720369105138481 0.000720369105138481 2.24180031160001e-05 2.24180031160001e-05 0.00107955570835978 0.000958653829446086
"14" 0.00315122395525234 0.00644323641118244 0.00503472624183079 0.00852519935479779 0.00852519935479779 2.55961756648408e-06 2.55961756648408e-06 0.00251288973438018 0.00508093575144984
"15" 0.00456784593372339 0.0069010108539828 0.00483528405147854 0.0063008677412495 0.0063008677412495 2.1026279653248e-06 2.1026279653248e-06 0.00231450454795557 0.00489178732843104
"16" 0.00103964370737414 0 0.00152498961749432 0.000518817202585806 0.000518817202585806 0 0 0.00150486473041368 0.000959682517778531
"17" 0.00440674686582042 0.00565855243351099 0.00663838552362866 0.0101448930859105 0.0101448930859105 0.00903559726063119 0.00903559726063119 0.00281066430559456 0.00641092426514133
"18" 0.0010613482532242 0.00011167721445279 0.00143141798064751 0.000743244236799086 0.000743244236799086 4.49668620497522e-05 4.49668620497522e-05 0.00100855979250171 0.00107205793398137
"19" 0.00473425649004062 0.00849588746913382 0.00567441989238345 0.00769352316502337 0.00769352316502337 3.90489700722251e-06 3.90489700722251e-06 0.00247048992515851 0.00573959685098248
"20" 0.0151780651693569 0.00660338832424174 0.00897794706479245 0.00172529888428405 0.00172529888428405 2.05028767413244e-07 2.05028767413244e-07 0.00232230251615644 0.00619614154180448
"21" 0.00768755406097758 0.0149101484176111 0.000273957702440525 0.000369069919728934 0.000369069919728934 5.99205522372375e-05 5.99205522372375e-05 0.000233553914870645 0.00616655712772901
"22" 0.00769118893192176 0.00336097642409533 0.000803940978193991 3.29271512369847e-05 3.29271512369847e-05 1.10024364620482e-10 1.10024364620482e-10 0.00292047777836792 0.00420191412252411
"23" 0.000143618357724623 0 0.000779733784381527 0.00407081003899955 0.00407081003899955 0 0 0.00179907199093673 0.000554660862036593
"24" 0.00201433348234521 0 6.18502261636382e-05 0.000147964160990967 0.000147964160990967 1.55009505314164e-07 1.55009505314164e-07 0.000855371330570409 0.00371605518053468
"25" 0.0192974976034925 0.0101792054899798 0.01122039816942 0.00315767122828258 0.00315767122828258 5.00871424950848e-05 5.00871424950848e-05 0.00293337186516451 0.0112711211114817
"26" 0.0052628838115744 0.0110200211949434 4.55429507160028e-05 0.000681044202627068 0.000681044202627068 4.71288669241216e-06 4.71288669241216e-06 0.000255523151561633 0.0052058203533793
"27" 0.000871722926254496 0.00383862315162714 0.000832824524137117 0.00225264748374815 0.00225264748374815 1.2275404584258e-05 1.2275404584258e-05 0.000104271602158793 0.00587726239938818
"28" 0.0168287674101444 0.0114757938853313 0.00906907429346593 0.000514487677193136 0.000514487677193136 0 0 0.0026033788967894 0.00572619586275797
"29" 0.0173778050257133 0.0165574406339055 0.00713706719100969 0.000104419035536895 0.000104419035536895 1.04886483916528e-06 1.04886483916528e-06 0.00210305362613859 0.0052418035820269
"30" 0.0103671621542084 0.00591901339787385 0.00520481945196959 0.00166791765993403 0.00166791765993403 0.000330169709603441 0.000330169709603441 0.00206992425472626 0.00496362769209894
"31" 0.00558835683036117 0.00139419783231428 0.000542324985469888 0 0 0 0 0.00116599217719704 0.0039256249220789
"32" 0.00663924127792007 0.00144294165705676 0.00058527124679685 0 0 2.25250255130078e-07 2.25250255130078e-07 0.00123029232527144 0.00480240133671498
"33" 0.00300020632122591 0.000126901675625008 0.00197050821884683 0.00061862500155501 0.00061862500155501 0 0 0.000962830533107849 0.00326832720115463
"34" 0.0113558635905491 0.00748472657967775 0.00932196869372055 0.00554044393560707 0.00554044393560707 1.17165129084908e-05 1.17165129084908e-05 0.00262181716179661 0.00717130179474923
"35" 0.000647457202714484 0 0 0.000331025673291892 0.000331025673291892 3.14632283831202e-08 3.14632283831202e-08 0 0.00120821825145853
"36" 0.00171132800360446 0.00280555930917621 0.00165131878976401 0.00317819687416644 0.00317819687416644 7.80895538590982e-06 7.80895538590982e-06 0.00174848293882957 0.00277284726704443
"37" 0.000934709364493081 0 0.00199503579282173 0.00106060289460722 0.00106060289460722 2.84888840302768e-06 2.84888840302768e-06 0.000959267850089703 0.00184883431906856
"38" 0.0149522939261407 0.00999367005064468 0.00132310997839339 0.0012204323638848 0.0012204323638848 0 0 0.00046498479881746 0.00682425803073891
"39" 0.0024010678864358 0.000261292628332503 0.000249126349912809 2.46565572512163e-05 2.46565572512163e-05 0 0 0.000933009894410987 0.00336582269777971
"40" 0.00559815799654675 0.000233226780249773 0.00101012148272956 0.000134908762328081 0.000134908762328081 9.50919775280413e-08 9.50919775280413e-08 0.00104907463130214 0.00532438444397881
"41" 0.00789369509906259 0.00255114097368948 0.000918464729783313 0.000349887636126467 0.000349887636126467 3.70224604068557e-07 3.70224604068557e-07 0.00176502975024129 0.00477239668823527
"42" 0.00154119574249656 0.00144326724489558 0.00345121027103179 0.00976298820160805 0.00976298820160805 0.00269294653097206 0.00269294653097206 0.00257270861001052 0.00390160787084631
"43" 0.0123036346402338 0.00656063577409419 0.00659516507743142 0.00157829657895138 0.00157829657895138 0 0 0.00214885480150193 0.00525460681951834
"44" 0.00431629395976704 0.000205639444409214 0.00177591437644613 0.000400273165099826 0.000400273165099826 0 0 0.000820153619878359 0.0040068655362344
"45" 0 0 7.43342558239479e-05 0 0 0 0 0.000349785172188765 0
"46" 0.00183486083484196 0.00338771599474698 0.00351578252059162 0.00820414241527346 0.00820414241527346 0 0 0.00245151400555173 0.00406149517794046
"47" 0.00343659621001163 0.0056034576965207 0.00215477650533896 0.00273890359246494 0.00273890359246494 0 0 0.00258133531557378 0.00378829184312085
"48" 0.0075886123717397 0.00827071421266404 0.00824405809332537 0.00762144822227639 0.00762144822227639 0 0 0.00266235819168809 0.0069629421919351
"49" 0.00114240766827431 9.44214180340558e-05 0.0015187943518439 0.00159796730891345 0.00159796730891345 2.21671401020287e-05 2.21671401020287e-05 0.0021624521924221 0.0019074057715596
"50" 0.00581662091736546 0.000583568880567032 0.000372051642906579 5.93505692727928e-06 5.93505692727928e-06 8.51821293367679e-08 8.51821293367679e-08 0.00108435593760582 0.00502381779683483
"51" 0.000184643819275075 8.66837303804269e-05 0.000912300753577352 0.00395960881106689 0.00395960881106689 7.74161028944558e-06 7.74161028944558e-06 0.0017851382894568 0.000837197230202683
"52" 0.0138218363140434 0.0179068810210387 0.0128312190578505 0.00825857172785203 0.00825857172785203 0.000650778016109471 0.000650778016109471 0.00301229377112822 0.0100649476597713
"53" 0.000478209695997405 0.000409426495327338 0.00118995704893086 0.00628357542753883 0.00628357542753883 5.52041468721988e-05 5.52041468721988e-05 0.00214183152013665 0.00208400596292667
"54" 0.00943055252549216 0.00470831410495681 0.0015249594559251 0 0 1.97340936666629e-05 1.97340936666629e-05 0.00154867006056958 0.00478808315796057
"55" 0.0125869303185254 0.00455655028373447 0.0086577864677668 0.00280593564453891 0.00280593564453891 6.17367225540347e-06 6.17367225540347e-06 0.00235877071400111 0.00604369629277521
"56" 0.000188731271291048 0 0.000688603035040127 0.00560164768930893 0.00560164768930893 8.31664243001534e-05 8.31664243001534e-05 0.0019794456117901 0.000759310639946606
"57" 0.00361095835475528 0.00622313507122353 0.00265313473984592 0.00371677771679934 0.00371677771679934 3.79687264349678e-07 3.79687264349678e-07 0.00202446248803678 0.00397468924601248
"58" 0.006416614101079 0.00643522584146963 0.000181444747362972 0.000805430499697616 0.000805430499697616 3.48503669593873e-08 3.48503669593873e-08 0.000831312195316408 0.00637946872767219
"59" 0.0132086073036694 0.00778701730811278 0.0100496749492656 0.00426091892147034 0.00426091892147034 0 0 0.00262602595144633 0.00739843307494465
"60" 0.0133850287939436 0.00749873292902834 0.0100343514971064 0.00380991752967417 0.00380991752967417 0.000129148368283168 0.000129148368283168 0.00258132919268439 0.00709377661332545
"61" 0.0128425533702218 0.0100380296084403 0.0106412214457903 0.00488385938194391 0.00488385938194391 3.44204585669965e-05 3.44204585669965e-05 0.00271302367308889 0.00751025141979793
"62" 0.00859036067403362 0.00411270133872131 0.0063759297044026 0.00393720025889506 0.00393720025889506 4.23676379327054e-08 4.23676379327054e-08 0.00228081966463529 0.00530805049514254
"63" 0.000968162549371043 0 0.0016680584856137 0.000964615412298008 0.000964615412298008 0 0 0.00114355286915036 0.00210787515844206
"64" 0.00110900136171299 0 0.00148974993590648 0.000591137185817162 0.000591137185817162 4.23356150219516e-08 4.23356150219516e-08 0.00107938749396466 0.00136236268675967
"65" 0.000988342508079145 0.00419985797854895 0.000835308825333803 0.0010550022209896 0.0010550022209896 1.22873062923654e-05 1.22873062923654e-05 0.000804086256188241 0.00239325975589315
"66" 0.0100770427717858 0.00472191523650025 0.00813418991629107 0.00492792852372166 0.00492792852372166 2.73948994683761e-06 2.73948994683761e-06 0.00247349794898642 0.00626360169935636
"67" 0.014018327201019 0.0190913918988964 0.0134668273435985 0.00909790234851906 0.00909790234851906 0 0 0.00308316324685765 0.0108979730708559
"68" 0.00563804016820419 0.000245113795215402 0.000280334163110974 0.000183013469828305 0.000183013469828305 0 0 0.00102787848416548 0.00560022137789729
"69" 0.0013523107423932 0 0.00176415275269081 0.00173450435100932 0.00173450435100932 1.43522892881379e-08 1.43522892881379e-08 0.00172623279796559 0.000649628898575055
"70" 0.00039104304808261 0 0.000725341986335659 0.00451090548159876 0.00451090548159876 4.71783813960388e-06 4.71783813960388e-06 0.00183716517890195 0.000181480606674983
"71" 0.00103314563178838 0 0 0.00066900308396032 0.00066900308396032 5.34734499506699e-08 5.34734499506699e-08 0.000502664422184335 0.00512946347209269
"72" 0.0052108951989558 0.000109701347763336 0.00175517248426091 0.000445238356371209 0.000445238356371209 3.33758490298639e-09 3.33758490298639e-09 0.000842544788177426 0.00333637493712192
"73" 0.000952149885747495 0.000390603133448369 0.00264882409658258 0.00156338323936778 0.00156338323936778 0 0 0.000826595362322931 0.00230429006048088
"74" 0.00375555435432665 0.000152928290990282 0.00175070857316703 0.000425640989432732 0.000425640989432732 0 0 0.000835851844290729 0.00535310874575851
"75" 0.0067621881728256 0.00473651785666411 0.00430074245987549 0.00324470672996117 0.00324470672996117 0 0 0.00212049749483056 0.00455685254601383
"76" 0.012280491158874 0.0124560175507114 0.0036787886239284 0 0 0 0 0.0017060137444934 0.00465835311125116
"77" 0.0122898261773592 0.0122368900409471 0.00338991825329896 0 0 2.4300052386849e-09 2.4300052386849e-09 0.00164972975425464 0.00456786616057958
"78" 0.00103724048172128 0 0.00149890178754469 0.000523180557065564 0.000523180557065564 2.69169572937208e-05 2.69169572937208e-05 0.00106691445726059 0.00102309440672848
"79" 0.00932676354563004 0.00826282037323168 0.00296389944133746 0.00146832989697661 0.00146832989697661 5.96200558665511e-05 5.96200558665511e-05 0.00139923727415705 0.00720772193708417
"80" 0.00847653447362462 0.0092211303838303 0.0031375487733726 0.000911199378605107 0.000911199378605107 0 0 0.00162283466976979 0.00565681784746521
"81" 0.00561123618234089 0.007298993755758 0.00273022781384052 0.00185035604326281 0.00185035604326281 0.000100055430469211 0.000100055430469211 0.00168558184276146 0.00483705013510135
"82" 0.00974261793777936 0.00306373905587006 0.00165387624262627 7.02273542804289e-05 7.02273542804289e-05 1.9129034400313e-06 1.9129034400313e-06 0.00129319536808906 0.00647893425407239
"83" 0.000995386873758656 0.00133766943669028 0.00318480178356881 0.00194390933391381 0.00194390933391381 3.66210065297901e-09 3.66210065297901e-09 0.00174016474476748 0.00300685807512683
"84" 0.0130843352350403 0.0102437196186644 0.0104362053901097 0.00473445151648985 0.00473445151648985 0 0 0.00271847656790772 0.0075491715511161
"85" 0.00187809266611765 0.00163535532818076 0 0.000955227897872869 0.000955227897872869 0 0 0.000211753702503499 0.0036947580004619
"86" 0.000199841803151731 0 0.000672806353464507 0.00668569230786713 0.00668569230786713 5.34278423957993e-05 5.34278423957993e-05 0.0020979411131069 0.000903469255740559
"87" 0.0043987226134191 0.00504027215193657 0.00260748804137825 0.00193022788433443 0.00193022788433443 5.20909183971075e-07 5.20909183971075e-07 0.00159552636143761 0.00463364397766388
"88" 0 0 0.000110565150399387 8.7359401110168e-05 8.7359401110168e-05 5.75007533380234e-07 5.75007533380234e-07 0 0.00126301080734876
"89" 0.00358300242685551 0.00607280555210189 0.00272605951383454 0.00387066369735969 0.00387066369735969 2.01841276180351e-07 2.01841276180351e-07 0.00204928326714842 0.004032782266978
"90" 0.00060700219739031 0 0.00232925590046333 0.00119127797561285 0.00119127797561285 0 0 0.00151342132377449 0.00108686964123845
"91" 0.00166880650855232 0.000866812570210721 0 0.000918368838284486 0.000918368838284486 5.49592825299843e-09 5.49592825299843e-09 0.000412396400259926 0.00599115260671638
"92" 0.0100066681811141 0.0113799673153267 0.0100830219735995 0.00817117971776754 0.00817117971776754 0 0 0.00286365229894415 0.00846752009445796
"93" 0.00635124700761415 0.0067129810454509 0.00633607063926432 0.00639069821764781 0.00639069821764781 5.61290064008891e-06 5.61290064008891e-06 0.00244082505016337 0.00567721969173397
"94" 0 0 0 5.07102476922451e-05 5.07102476922451e-05 7.02818976745579e-08 7.02818976745579e-08 0 0.00139290955609978
"95" 0.0128606978933853 0.0109043690215474 0.0108616645806192 0.00514170414093223 0.00514170414093223 0 0 0.00274093508032444 0.00779897924231519
"96" 0.0102458521129183 0.00528197300123507 0.00230219306382429 0.000143127629979577 0.000143127629979577 0 0 0.00137451088313897 0.00643299324570588
"97" 0.016596824692627 0.0136449479788451 0.00746595504899964 0.000360813493993223 0.000360813493993223 0.000126317904607032 0.000126317904607032 0.00277202843183263 0.00551655170889862
"98" 0.000794520907775749 0.00244353361911428 0.00343350307578039 0.00160774883116804 0.00160774883116804 3.8931431690801e-10 3.8931431690801e-10 0.000746445936024254 0.00321477920818961
"99" 0.00101754476098785 9.88956591420705e-05 0.00213567279253927 0.00124301647253764 0.00124301647253764 4.21791700229371e-07 4.21791700229371e-07 0.00143335619896668 0.000976869850642019
"100" 0.007129788522913 0.00272979980576565 0.000925864198048329 3.3521300564284e-05 3.3521300564284e-05 1.12401046101355e-06 1.12401046101355e-06 0.00150210873581096 0.00413565245172124
"101" 0.00813402897547689 0.00525924340462663 0.00452361732535533 0.00304225521267492 0.00304225521267492 1.25172545410148e-05 1.25172545410148e-05 0.00205965324836787 0.00464993077040288
"102" 0.0131567149778478 0.0141588530312086 0.014307948298794 0.0109558649893166 0.0109558649893166 0 0 0.00337771829298832 0.0122649505182174
"103" 0.00210715974991404 0.00724069834228723 0.00132181121411243 0.00160279249370635 0.00160279249370635 8.74212765854084e-06 8.74212765854084e-06 0.000444919350570103 0.00539123623898354
"104" 0.00317432294837866 0.00627380429004862 0.00243292085724129 0.000376767552154847 0.000376767552154847 2.69664554581591e-10 2.69664554581591e-10 0.000368793051873466 0.00770545959829494
"105" 0.000450301079258521 1.2151213655793e-05 0.00150927439293968 0.00130470819131706 0.00130470819131706 1.79075841383718e-07 1.79075841383718e-07 0.00128258616477419 0.00150015303218446
"106" 0.0150425811505482 0.00648144314112181 0.00992434968179098 0.00206814486161462 0.00206814486161462 0 0 0.00238436649560635 0.00635880626665145
"107" 0.0133784578059946 0.00806904604585937 0.0101053264534702 0.00435631393517021 0.00435631393517021 0.000234005385881465 0.000234005385881465 0.00265198743970544 0.00741055689094246
"108" 0.00105147827324284 0.000482378568308389 0 0.000399397510105753 0.000399397510105753 4.65322245433588e-10 4.65322245433588e-10 0.0006570363720831 0.00423604256277713
"109" 0.00676264711476794 0.00463394525905617 0.00445155972815449 0.00335648633767361 0.00335648633767361 1.01794045013858e-05 1.01794045013858e-05 0.00214189081537991 0.00457944977197835
"110" 0.0104291070121919 0.00549689066942095 0.0023643122026921 0.000627331753564512 0.000627331753564512 5.09199002411413e-11 5.09199002411413e-11 0.00125546964196088 0.00772835226810991
"111" 0.00814352396761749 0.00168701445062464 0.00100008886169305 0 0 0 0 0.0012076298763516 0.0056642764026991
"112" 0.0154760107879387 0.0175330964947607 0.00521462210959044 0.000181964827127918 0.000181964827127918 6.62455647544201e-06 6.62455647544201e-06 0.00188213103829446 0.00477744519821292
"113" 0.0053748444511944 0.00354239511263442 0.00103192834169771 0 0 5.81447895341786e-07 5.81447895341786e-07 0.00120199887678345 0.00325882369425281
"114" 0.00255172529853962 0.00380808451227617 0.00201553832442255 0.00260741214186123 0.00260741214186123 0 0 0.00173331731111985 0.00347959923879753
"115" 0.00695819341942643 0.00490923729545773 0.0042389096511538 0.00352233197672528 0.00352233197672528 3.24214307549061e-06 3.24214307549061e-06 0.00209560921689714 0.00457381624310262
"116" 0.00337583695128871 0.0054556107642494 0 0.000815120245911247 0.000815120245911247 1.82161807381064e-07 1.82161807381064e-07 0.000775789320529075 0.00416116125149867
"117" 0.0101070992937062 0.00578995809100537 0.00169465339302221 0 0 2.59828954112862e-08 2.59828954112862e-08 0.00193910776349509 0.00422554892776002
"118" 0.00886688600423415 0.00855408622526877 0.00384462087514246 0.00130038839110319 0.00130038839110319 0.000341910784220844 0.000341910784220844 0.0018835323372735 0.0045709560097958
"119" 0.00648036018395413 0.00878206523932409 0.00290322315369875 0.00138444171264472 0.00138444171264472 3.14915915191065e-08 3.14915915191065e-08 0.00164234209585317 0.00524533511443095
"120" 0.000605629281953204 0 0.00186759153245914 0.0094404916852917 0.0094404916852917 7.17559332208271e-05 7.17559332208271e-05 0.00245539506492016 0.00243479874994641
"121" 0.0063667120235777 0.00208540696726226 0.00273598810920074 0.00116221797517918 0.00116221797517918 1.97164439640526e-08 1.97164439640526e-08 0.00115995137847092 0.00523945456125903
"122" 0.00618500256370965 0.00587775256432634 0.000155332603653623 7.84722303068726e-05 7.84722303068726e-05 6.30878268562719e-05 6.30878268562719e-05 1.1646830755629e-05 0.00379872810279189
"123" 0.0114802047641436 0.00294989101221173 0.00285168720980144 0.00134624680971629 0.00134624680971629 1.61044404977629e-05 1.61044404977629e-05 0.00104708716779102 0.00783200037737018
"124" 0.000535019033760333 0.000774096990290464 0.000147637964393338 0 0 1.76017460065896e-05 1.76017460065896e-05 0.000636352034542317 0.00130303332902288
"125" 0.0123319393717006 0.01205415783127 0.010781241107476 0.0062161173570289 0.0062161173570289 0.000109888047937689 0.000109888047937689 0.00293056177308369 0.00840866178204595
"126" 0.00474304199173594 0.000612171659415222 0.00176913644543918 0.000285714621271309 0.000285714621271309 0 0 0.000739869033471884 0.00406355272144747
"127" 0.00891751963200199 0.00533675000074739 0.00304216759330729 0.00109481993723404 0.00109481993723404 0.000198046023049676 0.000198046023049676 0.00131207486894752 0.00699127795845009
"128" 0.000319132421462352 0 0.00172586844745092 0.000981437210071864 0.000981437210071864 0 0 0.0011310858315689 0.00160465042979853
"129" 0.00916016080236407 0.00797475455824928 0.00291286847991439 0.000901829853991462 0.000901829853991462 3.34608460368076e-08 3.34608460368076e-08 0.00138072714910012 0.00737745514443904
"130" 0.00830945589524515 0.00389642824953945 0.00154487563804949 0 0 2.50122417978483e-07 2.50122417978483e-07 0.00136864495299571 0.00319159525321255
"131" 0.0017102287237298 0.000547755325252166 0.000109321619727629 3.24098585234196e-06 3.24098585234196e-06 0 0 0.000836490417017212 0.00267049743405633
"132" 0.000319401085260785 0 0 0.000358992833421723 0.000358992833421723 7.20553410442444e-07 7.20553410442444e-07 0 0.00130659870661538
"133" 0.011493897908747 0.0108021421029221 0.0039236706294709 0.000157863765407102 0.000157863765407102 5.11567686365568e-05 5.11567686365568e-05 0.00175673958219172 0.00471349077364921
"134" 0.00338975975710027 0 2.29938676830833e-05 0.000136969622518992 0.000136969622518992 2.80119805126667e-08 2.80119805126667e-08 0.000930207069783258 0.00435505689724973
"135" 0.00956288548079699 0.00342681522414496 0.0016461079729761 0 0 1.63802735264232e-10 1.63802735264232e-10 0.0013270656798473 0.00587601944394057
"136" 0.0092605137857108 0.00948779157250255 0.00337031346352217 0.000743650721657716 0.000743650721657716 1.24053065434248e-06 1.24053065434248e-06 0.00169157800531756 0.00516587350291135
"137" 0.000505989140359326 0.000532904908909601 0.00120251957077639 0.00618520113377168 0.00618520113377168 0 0 0.00290798146510814 0.00205633820070625
"138" 0.0144084209683333 0.00777168101637671 0.00761019208809539 0.00124333907274806 0.00124333907274806 0.000213672242798632 0.000213672242798632 0.0021895360001771 0.00566113377567583
"139" 0.00280424065212419 0 0.00174033560614596 0.000696620369433928 0.000696620369433928 0 0 0.00142917112944444 0.00252792609149032
"140" 0.00090212367347625 0.000647896171173851 0.000113798968995839 0 0 3.00404039859376e-06 3.00404039859376e-06 0.000725262178872225 0.00191491305504772
"141" 0.00273997478206736 0.00245214431557741 0.000449803630794377 2.47100294951817e-05 2.47100294951817e-05 1.60292482485081e-05 1.60292482485081e-05 0 0.00215312102118156
"142" 0.00807999164752218 0.0141950640224042 0.000390995026252657 0.000523234469694633 0.000523234469694633 4.97272044086134e-06 4.97272044086134e-06 0.00041315248629312 0.00689791070732661
"143" 0.0135859610239418 0.0133911429590911 0.00332529203014636 0.00085745657832616 0.00085745657832616 0.000120172826305639 0.000120172826305639 0.00207491068702104 0.00410622901301484
"144" 0.00853249413516724 0.00984875078587272 0.00346054333996723 0.00134640687502525 0.00134640687502525 2.15781180425261e-09 2.15781180425261e-09 0.00182561866321918 0.00490848546888466
"145" 0.00209518894824531 0.00343359446312964 0.00193652270149215 0.00313203838052759 0.00313203838052759 2.7087892751611e-06 2.7087892751611e-06 0.00179604507419142 0.00304535682269429
"146" 0.0171996834605474 0.0163014674328029 0.00701614786617623 0.000125558398511803 0.000125558398511803 5.80902387347781e-05 5.80902387347781e-05 0.00216827609705699 0.00522831857222892
"147" 0.0104433049996875 0.0027909024537 0.00258944865154691 0.000390218930731626 0.000390218930731626 5.85076134189833e-05 5.85076134189833e-05 0.00269159757964641 0.00627130618546536
"148" 0.00671080195548599 0.00829235430701989 0.00294124630124857 0.00234457777404331 0.00234457777404331 6.60003051130847e-05 6.60003051130847e-05 0.00159143547150985 0.00554994574692982
"149" 0.00745070317639929 9.93814281203421e-05 0.00183241211859886 0.000459041240964571 0.000459041240964571 6.72179330269302e-09 6.72179330269302e-09 0.000867883500302897 0.00694754404552109
"150" 0.00436781772249986 0.0053115676853746 0.00354129861550572 0.00451426327242525 0.00451426327242525 9.29076793981407e-09 9.29076793981407e-09 0.00217798819831305 0.00442677594396113
"151" 0.0082886909176899 0.0144943465255956 0.000411199510736453 0.00119563853952723 0.00119563853952723 8.41766764656334e-06 8.41766764656334e-06 0.000414952437815079 0.00690392230306631
"152" 0.0018205462839076 0 0 0.000269296571128398 0.000269296571128398 1.52645326630447e-11 1.52645326630447e-11 0.000769369053505948 0.00428127074017819
"153" 0.000525353039203266 0 0.000954330739546338 0.0036245117205764 0.0036245117205764 1.17436425437946e-05 1.17436425437946e-05 0.00175784594696898 0.00013665163820924
"154" 0.000255155435778964 0 0.000957480208540635 0.00803254215236102 0.00803254215236102 1.92877096383722e-05 1.92877096383722e-05 0.00226055684606505 0.00134382874381746
"155" 0.00107029327973919 7.89828743102304e-05 0.00192545964364338 0.00122013524265313 0.00122013524265313 2.19688828049525e-05 2.19688828049525e-05 0.000760876154012059 0.00209085783901116
"156" 0.00312652724961884 0.0019477789369461 0.000699282954597255 0.000634538941912841 0.000634538941912841 4.84537378325838e-06 4.84537378325838e-06 0.00162226864597283 0.00543338321409849
"157" 0.0167760478252705 0.0132022532419671 0.0080436629489764 0.000457371343601636 0.000457371343601636 8.27651848690847e-05 8.27651848690847e-05 0.00215788089601808 0.00566953717044843
"158" 0.00327501168531657 0.00552642584250014 0.00216035719468582 0.00291809727243952 0.00291809727243952 2.08871540948042e-05 2.08871540948042e-05 0.00205810402589211 0.00370517395093676
"159" 0.000971519184812485 0.00379753256457024 0.00125269296138559 0.000291840942152177 0.000291840942152177 9.30506911098451e-07 9.30506911098451e-07 0 0.00412181756548073
"160" 0.00291672226708872 0.00432331952618164 0.00214966205445473 0.00233673327508752 0.00233673327508752 2.34146016543877e-05 2.34146016543877e-05 0.00157191989418004 0.00351621547714605
"161" 0.00444920707650407 0.00532098587243214 0.00341397597770655 0.00414449917940157 0.00414449917940157 1.560541444382e-07 1.560541444382e-07 0.00225911912277028 0.00431387957799975
"162" 0.0145070397311211 0.00619390361717407 0.0101904850412802 0.00283314452232541 0.00283314452232541 0 0 0.00249044569989553 0.0065800986689368
"163" 0.00774786826776964 0.0146997416356762 0.000286244874077639 0.00105184450061532 0.00105184450061532 2.39520627407439e-05 2.39520627407439e-05 0.000228329599345809 0.00604404949740147
"164" 0.000422671839423513 0.000201440328066218 0.000985296263961642 0.0055930823808597 0.0055930823808597 0 0 0.00204814635082143 0.00164139287170522
"165" 0.0127089913777417 0.0120319155669785 0.00498815234679107 0.000285757660690625 0.000285757660690625 3.606073441823e-06 3.606073441823e-06 0.00189707323540595 0.00466471886325842
"166" 0.00750351377963712 0.00549974960695041 0.000384078304586806 0.000572988576072275 0.000572988576072275 5.05492724009706e-08 5.05492724009706e-08 0.000643492118892135 0.00685814804685525
"167" 0.00932620670968822 0.00441814201296953 0.00728961959194519 0.00451413803341711 0.00451413803341711 6.10841940533224e-06 6.10841940533224e-06 0.00242561091788258 0.0060937066849766
"168" 0.00699973529066876 0.00839655169657294 0.00147778421065822 0.000845521547401247 0.000845521547401247 5.45598040591208e-07 5.45598040591208e-07 0.00349140004820177 0.00265368487390378
"169" 0.000944620409366037 0.00942882111344598 0.00306018413391619 0.0009631831260751 0.0009631831260751 0 0 0.000323074409244599 0.00569693637995424
"170" 0.0101425547630517 0.00272762696411781 0.003040104051628 0.0019262656840629 0.0019262656840629 0.000112549713788784 0.000112549713788784 0.00107133429089513 0.00729413301560175
"171" 0.00666036356829715 0.00480376899899106 0.0052420519039676 0.0044620236885584 0.0044620236885584 5.08009117841575e-06 5.08009117841575e-06 0.00225763888632387 0.00497214637566786
"172" 0.00343246525331524 0.0023818426985842 0.000197472936973421 0.00100001292498998 0.00100001292498998 3.01248534712203e-09 3.01248534712203e-09 0.000712292293194549 0.00510861681810091
"173" 0.000940359054917615 0.00144925523242893 0.00158404793532558 0.00306127403952253 0.00306127403952253 3.9211092200001e-05 3.9211092200001e-05 0.00146023823911121 0.00300307203385175
"174" 0.00956203723430842 0.00822293263312837 0.00279299230662177 0.000730808226317498 0.000730808226317498 1.95556222000218e-05 1.95556222000218e-05 0.00144747739432457 0.00652005757909264
"175" 0.0146465194685694 0.00959246353656044 0.0110368834247845 0.00376595590946762 0.00376595590946762 0.00174928228420963 0.00174928228420963 0.00263812360337688 0.00722384756518369
"176" 0.0123052358293787 0.00556673864208268 0.00294853456508027 0 0 0 0 0.00178444848448923 0.00326644115844283
"177" 0.015801777968664 0.00704391199556659 0.0101263835361965 0.00176731242221285 0.00176731242221285 1.61519880016632e-05 1.61519880016632e-05 0.00237267435021479 0.0064372951778347
"178" 0 0 0.0025122455253039 0 0 1.78823337573123e-05 1.78823337573123e-05 0.00017930063146869 0
"179" 0.000251413065526753 0 0.000599510068920029 0.00647131307934151 0.00647131307934151 0 0 0.00205309915708251 0.000497645487489132
"180" 1.99682179822922e-05 0.00258170482775237 0.000464210217398239 0.000542329487870151 0.000542329487870151 1.4180024248825e-07 1.4180024248825e-07 0 0.00370705659676508
"181" 0.0106971998335449 0.00521281157501135 0.0022788663459594 0 0 1.20089370575582e-07 1.20089370575582e-07 0.0019586155245816 0.0036496181164598
"182" 0.0110104226550787 0.00573232187433022 0.00224638367094969 0 0 1.54719486664614e-08 1.54719486664614e-08 0.00151048074555059 0.00369836864145692
"183" 0.000405574579475685 0.000133537144460132 0.000886696093189388 0.00500432068996803 0.00500432068996803 0.000310957593981268 0.000310957593981268 0.00194310791587087 0.00131468060595672
"184" 0.00676926411696264 0.00691025429762371 0.00347980552154298 0.00274978600564236 0.00274978600564236 1.09442340677078e-08 1.09442340677078e-08 0.00197062673142112 0.00442067132385573
"185" 0.00872915662727924 0.00985295749851064 0.00350598346146771 0.00120834071399773 0.00120834071399773 0.000256062635275849 0.000256062635275849 0.00181136500538602 0.00486329992820558
"186" 0 0.000658930186484823 0.000668974977437465 0 0 8.97234946981716e-07 8.97234946981716e-07 0.000406746529553792 0
"187" 0.00851029520026965 0.00302122438364509 0.00170841012151902 0 0 2.00581094470346e-08 2.00581094470346e-08 0.00152359079726704 0.00366696499652192
"188" 0.0146233363073423 0.0101766563720745 0.0111053671159854 0.00385181479041692 0.00385181479041692 0 0 0.0026510363230807 0.00735455343125756
"189" 0.0069619903070022 0.00185136523664123 0.00112758794572678 0.000285063959245494 0.000285063959245494 3.47343148680805e-07 3.47343148680805e-07 0.00033801979303471 0.00417521898063156
"190" 0 0 0 0 0 7.57525767387517e-05 7.57525767387517e-05 0.000389753165568165 1.43355744159312e-05
"191" 0.00328013011028788 0.00538193327281879 0.00316587334146128 0.00525727272497287 0.00525727272497287 2.0307786100676e-07 2.0307786100676e-07 0.00220385933237804 0.00413482283553331
"192" 0.00807336063095369 0.00276655114372068 0.00292340219550672 0.00111739272293038 0.00111739272293038 9.70930365017922e-05 9.70930365017922e-05 0.0011684156204643 0.00665646947646265
"193" 0.0153253178571958 0.00761048075603136 0.0104816710695161 0.00209371860360138 0.00209371860360138 0.000895087042566881 0.000895087042566881 0.00294960484018191 0.0065345350326332
"194" 0.0160967829421787 0.00737925792799448 0.0106433675919823 0.00185306397716785 0.00185306397716785 0.00174409204251372 0.00174409204251372 0.00288343362063844 0.00645323128679735
"195" 0.000581119722014773 0.00111333281590374 0.00140598157391157 0.00309892844669765 0.00309892844669765 0 0 0.00174312555021044 0.00160642934110535
"196" 0.0118632928060688 0.00596814461089243 0.00152866716223994 0.000308839164370113 0.000308839164370113 1.70814751233739e-12 1.70814751233739e-12 0.000810171508238077 0.00845185141072479
"197" 0.00996925543237147 0.00817192093889366 0.00301820661729846 0.000317282937601234 0.000317282937601234 7.77336389704889e-11 7.77336389704889e-11 0.00174754028726134 0.00616239559789037
"198" 0.00827995047937879 0.014722175860517 0.000387244692540157 0.000495032946145919 0.000495032946145919 1.77357636126915e-07 1.77357636126915e-07 0.000391250357956378 0.00651714786116965
"199" 0.0058897121608975 0.000653133939701792 0.000956258601599172 6.87814118330426e-06 6.87814118330426e-06 2.01045355121797e-07 2.01045355121797e-07 0.00112295903267241 0.00508627668986825
"200" 0.00621306625151497 0.00813739978048207 0.003182414391293 0.00248257469449223 0.00248257469449223 8.85248175162819e-08 8.85248175162819e-08 0.00192803827551842 0.00462918206558698
"201" 0 0.00065528971376834 0.000423343313178952 0 0 0.000199481777253074 0.000199481777253074 0.000422837861608653 0
"202" 0.0119217988008523 0.00445514791313329 0.00203957161332179 0.000335780909012433 0.000335780909012433 0 0 0.000909566188473339 0.00873757552970992
"203" 0.0131648800207777 0.00631869666800796 0.00193983673120505 0.000194819485556979 0.000194819485556979 0 0 0.000679678245605367 0.0074845926157424
"204" 0.00948762440724656 0.00220339706666304 0.0023594965901767 0.000364873396512036 0.000364873396512036 0 0 0.000821749523554336 0.0060192917898546
"205" 0.000867512854389546 0 0.00194087872751608 0.000815107964061969 0.000815107964061969 0.000418470916225181 0.000418470916225181 0.0011628108385691 0.00114712807564371
"206" 0.000471623357347262 0 0.000701151509093917 0.00808594072633507 0.00808594072633507 0 0 0.00215961675809094 0.000503921732731652
"207" 0.0101851541703444 0.00885033241553958 0.00924977397207394 0.00754324720991663 0.00754324720991663 0 0 0.00387855599063844 0.00768137367289125
"208" 0.00636183225694652 0.00824132328477285 0.000692204771166125 0.00102872407609119 0.00102872407609119 1.24524461891717e-08 1.24524461891717e-08 0.000497107433737126 0.00603887707961401
"209" 0.000934120008212284 0 0.00133297370301395 0.00310730715671144 0.00310730715671144 0 0 0.00173468167023825 0.000118264969589573
"210" 0.00758458078517007 0.00135491098449572 0.00162411707249471 0.000361017668990155 0.000361017668990155 5.55319730542779e-05 5.55319730542779e-05 0.000598024676459767 0.00974092913822401
"211" 0.00515155219986964 0.000614537820236907 0.00216148947835301 0.00059146629175397 0.00059146629175397 7.73996006194813e-09 7.73996006194813e-09 0.00095968978320738 0.00457056708569865
"212" 0.00681755914276795 0.00297793027334602 0.000397294516616312 0.000457085021867632 0.000457085021867632 7.4417553847298e-08 7.4417553847298e-08 0.00114175155916082 0.00669331926095329
"213" 0.00851286688448424 0.00348257553389222 0.00116521483288444 0 0 0 0 0.00139322714491847 0.00479820732749068
"214" 0.000373483632664688 5.45422303887374e-05 0 7.59066548317701e-05 7.59066548317701e-05 0 0 0.000729909978048855 0.00182426779836609
"215" 0.0147866234718359 0.00799044776388597 0.0104199019260913 0.00285514130503223 0.00285514130503223 0.000279695996211423 0.000279695996211423 0.00272298082929325 0.00705062301041713
"216" 0.00121794601268549 0 0 0.00068966726843818 0.00068966726843818 5.81380381118721e-09 5.81380381118721e-09 0.000495163187212513 0.00520789585289727
"217" 0.00076223963057191 0.00129822076835928 0.00152104134409877 0.00618061504160907 0.00618061504160907 5.00485023701273e-06 5.00485023701273e-06 0.00258990924771485 0.00254111520954618
"218" 0.00115077206801951 0 0.00158443799458275 0.000727352396019798 0.000727352396019798 1.20312207383435e-05 1.20312207383435e-05 0.000865426951864179 0.00152148587283539
"219" 0.00307406568759221 0.00249229721675241 0.00248646429399686 0.0016059697382427 0.0016059697382427 0 0 0.00128898409026723 0.00347317660290444
"220" 0.00450732449636618 0.0094117395465578 7.44169682195558e-05 0.000653175822326558 0.000653175822326558 4.56451329645378e-07 4.56451329645378e-07 0.00146728635764515 0.0047122410964151
"221" 0.00269044644781831 0.00519815511256262 0.00240525464177893 0.00473395189553064 0.00473395189553064 5.451301280606e-07 5.451301280606e-07 0.00210665375930617 0.00379448218731472
"222" 0.0121458570325974 0.00666590022492604 0.00278505591903345 0 0 0 0 0.00157845008416158 0.00351944062610179
"223" 0.0125126726243577 0.0105715874003545 0.00265417756514304 0.000115895893402544 0.000115895893402544 3.13511638614771e-05 3.13511638614771e-05 0.00165155158474895 0.00426724749991037
"224" 0.00866328346340932 0.00371657424276119 0.00122390224691215 0 0 1.09192411361706e-08 1.09192411361706e-08 0.00140009702238496 0.00481662230235504
"225" 0.00147923621331802 0 0.00195112108959102 0.00154611849020012 0.00154611849020012 0 0 0.00143527161599568 0.000541016639775483
"226" 0.00622148011586602 0.00175292622961067 0.000772651276247732 0 0 1.54175496558159e-05 1.54175496558159e-05 0.000168005986425641 0.0037475614384205
"227" 0.00623581851014315 0.00885654239161179 0.00300885333777732 0.00200325850158246 0.00200325850158246 3.30141061714158e-09 3.30141061714158e-09 0.00186878022245811 0.0047244321208511
"228" 0.00637148232051432 0.00201058640262535 0.000353974724661058 0.000409101908251598 0.000409101908251598 1.1690352822074e-07 1.1690352822074e-07 0.00121408991301794 0.00634522166308906
"229" 0.00391816413312639 0.00667508118452169 0.00237762754422884 0.00267783930642029 0.00267783930642029 0.000147730452027718 0.000147730452027718 0.00187655205517643 0.00398588539144408
"230" 0.0136122706671037 0.00735115359477271 0.0101821754216251 0.00377479149720719 0.00377479149720719 0.000294761709450354 0.000294761709450354 0.00255690337651077 0.00689313672773631
"231" 0.0143632456640772 0.0101066973935756 0.00678617703653257 0.00112331019819798 0.00112331019819798 0.000212010069782338 0.000212010069782338 0.00209090815032528 0.00567556238656194
"232" 0.00030794473112316 0 0.00092416721751011 0.00839451290760782 0.00839451290760782 0 0 0.00226996832142759 0.00120741999237564
"233" 0.00083950068891894 0.00390504919855231 0.0035041611435194 0.00121742017275543 0.00121742017275543 2.64739383080534e-06 2.64739383080534e-06 0.000667842311467698 0.00365843792471289
"234" 0.00111693160292897 0.00140586544267412 0.00164018744163584 0.00175105487304434 0.00175105487304434 2.05251949095e-05 2.05251949095e-05 0.00297127305233149 0.00217688838460636
"235" 0.0108823319074298 0.00734627135773893 0.00196206109617524 0 0 4.91357158126994e-05 4.91357158126994e-05 0.00168771236438327 0.00456851684853482
"236" 0.0101712516018325 0.00663943067049442 0.00478656869582332 0.00141081236409422 0.00141081236409422 7.82898522539974e-05 7.82898522539974e-05 0.00201248564601047 0.00473964184874293
"237" 0.00101383308566934 0 0.00211828511800552 0.00124941588683191 0.00124941588683191 2.41679164991092e-06 2.41679164991092e-06 0.00129754913839687 0.000839071508553745
"238" 0.00593910812194196 0.00319131139078473 0.000220211337916607 0 0 1.10190230791773e-05 1.10190230791773e-05 0.00351164191572088 0.0034700772882987
"239" 0.00101684397733568 0 0.00181586536293937 0.00191640121776342 0.00191640121776342 1.50829472032971e-07 1.50829472032971e-07 0.000952039371696911 0.00182652386299952
"240" 0.00739856761618151 0.00760632590433004 0.000284821377702031 0.000120670067067927 0.000120670067067927 2.2045760356488e-05 2.2045760356488e-05 0.000106217293261199 0.00465531596479562
"241" 0.000216713771247164 0.00029820357370133 0.00101221886033721 0.00411091685070777 0.00411091685070777 0 0 0.0016953732910889 0.000971259126980794
"242" 0.0106422205088461 0.00425558003066898 0.00203077315708414 0.000733458123370657 0.000733458123370657 1.22742013577458e-06 1.22742013577458e-06 0.00197899036846644 0.00716106602052527
"243" 0.00246596803611084 0.0024405797441291 0 0.000808944179709142 0.000808944179709142 9.72064246904794e-09 9.72064246904794e-09 0.000152686190831871 0.00325636795907304
"244" 0.0154084144559189 0.0064498245403559 0.00994627050881702 0.00229392962123438 0.00229392962123438 0.000230852626082313 0.000230852626082313 0.00243274371106633 0.0064663908378915
"245" 0 0 0 0.000106462959262215 0.000106462959262215 1.52016076506889e-07 1.52016076506889e-07 0 0.000278319445301711
"246" 0.0121242946855496 0.00379630371846435 0.00206591145887306 0.000366566401328855 0.000366566401328855 8.98635606809829e-06 8.98635606809829e-06 0.000986198406773501 0.00828382840698212
"247" 0.00764080700145044 0.000962989627398272 0.000763072277632732 0.000243999999115453 0.000243999999115453 1.20554598656112e-06 1.20554598656112e-06 0.00153365096032841 0.00627528119998994
"248" 0.00164527621843616 0.00332590840675947 0.00279303399248206 0.00708944087820948 0.00708944087820948 5.32936637166752e-06 5.32936637166752e-06 0.00230303591820833 0.00364297445626111
"249" 0.0110286904729924 0.00972207113809505 0.00351956795870405 0.000226756615661927 0.000226756615661927 4.2289755031218e-11 4.2289755031218e-11 0.00172594053723413 0.0049896908584105
"250" 0.00768173219064381 0.0092901820697371 0.0030724496885424 0.00103767921247697 0.00103767921247697 1.07715059736785e-05 1.07715059736785e-05 0.00161795817777415 0.00546083791813149
"251" 0.0138688303085877 0.0164861322863496 0.0144720749834482 0.0105086270443196 0.0105086270443196 2.75766951929238e-05 2.75766951929238e-05 0.00328405340613913 0.0118704257964415
"252" 0.0102223228599131 0.00249374247911604 0.00284187610210505 0.000614381534991322 0.000614381534991322 5.371143611206e-05 5.371143611206e-05 0.000965746727797669 0.00725619790084653
"253" 0.0147650172246964 0.00687973373088406 0.0102548701950233 0.00265731088650642 0.00265731088650642 0 0 0.00249051694799052 0.00670948230230165
"254" 0.0145929285007933 0.0104224446707428 0.0111315322532878 0.00393836939710198 0.00393836939710198 0.000453434977637442 0.000453434977637442 0.00266245027492547 0.00745006997085194
"255" 0.011710572290864 0.00322928512088078 0.00300930169190321 0.000532443096764488 0.000532443096764488 0.000161748618332659 0.000161748618332659 0.000948610992462833 0.0076099569382639
"256" 0.0162012696040647 0.0153753500048589 0.00671456070437258 0.000257559373012446 0.000257559373012446 4.15660631948712e-06 4.15660631948712e-06 0.00240393324215293 0.00527784749027548
"257" 0.00595431397034884 0.00727513995353802 0.00621497067433768 0.00665745616500308 0.00665745616500308 0 0 0.00243991055244855 0.00571022344221694
"258" 0.00218067103354206 0.00247859415187709 0 0.00143539384021089 0.00143539384021089 3.45236187956874e-07 3.45236187956874e-07 0.00015172369101195 0.00358021416718523
"259" 0.0116211642678418 0.00318864258487567 0.00301856266126225 0.000531796851063836 0.000531796851063836 0 0 0.00094921476801858 0.0077210238656742
"260" 0.000607507108931204 0.000914509847897351 0.0024363447648505 0.0013791658427785 0.0013791658427785 5.08452832311478e-07 5.08452832311478e-07 0.0015285683103784 0.00219136912026636
"261" 0.0169825605367126 0.0107174939250444 0.00853231166934694 0.000653957628918458 0.000653957628918458 0.000416325673346901 0.000416325673346901 0.00257327815671048 0.00575635011856808
"262" 0.00993471640504109 0.00403689214264361 0.00213897469283893 0 0 1.00763254388385e-06 1.00763254388385e-06 0.0014584699983463 0.00315819743870365
"263" 0.00786994983650668 0.00983977080873701 0.0033192306319436 0.00117612277906645 0.00117612277906645 5.42340700131623e-10 5.42340700131623e-10 0.00172075251898057 0.00519800851649829
"264" 0.000569526544692927 0 0.0011940716149794 0.00953617816300604 0.00953617816300604 1.06388069218463e-07 1.06388069218463e-07 0.00239299912066318 0.00134538333722927
"265" 0.0122327293819084 0.0105143654872063 0.00262257587585383 0 0 7.74860345321486e-09 7.74860345321486e-09 0.00176797838605794 0.00442101840718552
"266" 0.00249113571480871 0.00226226877553123 0.000512106879428152 0.00062365549471696 0.00062365549471696 5.55022056685625e-06 5.55022056685625e-06 0 0.00245395913347322
"267" 0.0114173424236751 0.00422570199553513 0.00752782027044895 0.00275851634372426 0.00275851634372426 5.06627098465519e-07 5.06627098465519e-07 0.00231216909362268 0.00585469091251647
"268" 0.00560899028652639 0.00493375371382457 0.00281778578393935 0.0017392353318059 0.0017392353318059 2.49093409607958e-06 2.49093409607958e-06 0.00145790348185242 0.00562805582916379
"269" 0.000996444965948723 0 0.000975888633559937 0.00431361528991809 0.00431361528991809 1.89447829501098e-07 1.89447829501098e-07 0.00187173553469429 7.60172359937436e-05
"270" 0.0120975836170581 0.00656381458494877 0.00291238992804767 0 0 6.75746325018905e-07 6.75746325018905e-07 0.00159583297177742 0.00344394792552269
"271" 0.0157835621427107 0.00742042628704588 0.010389867422307 0.00197520198324345 0.00197520198324345 0.0184010694031794 0.0184010694031794 0.00268112171127772 0.00642597271835561
"272" 0.00913301881454721 0.00499458839227755 0.00769921104589198 0.00510950729909965 0.00510950729909965 7.81079335477365e-07 7.81079335477365e-07 0.00246627711437661 0.00608672520772491
"273" 0.00849323919194324 0.0031819392094865 0.00300361140208982 0.00110955104594682 0.00110955104594682 0 0 0.0012083005299228 0.00673645251549692
"274" 0.00437746621751768 0.00123338739126101 0 0.000637061082373877 0.000637061082373877 0 0 0.000785327324858783 0.00555613060240375
"275" 0.00180845709495007 0.000440636885400151 9.1976971044583e-05 1.65451739630591e-05 1.65451739630591e-05 0 0 0.000849625312601121 0.0027066472552693
"276" 0.010130309864688 0.00339156427042711 0.00160869901809808 0.000649837274694837 0.000649837274694837 7.60103574118089e-06 7.60103574118089e-06 0.00104504892225979 0.00812371363517507
"277" 0.00911036355381263 0.00518518076768137 0.00290664003233231 0.00100509466560617 0.00100509466560617 1.5993079222304e-09 1.5993079222304e-09 0.00129524269814377 0.00758068413957025
"278" 0.0163848036321753 0.00742567669348817 0.0104492265424359 0.00171921022059048 0.00171921022059048 0 0 0.00289644211509399 0.00641218311150475
"279" 0.0125587080802793 0.0033331436480844 0.00270973515401006 0.000652491842561502 0.000652491842561502 3.52236712024456e-11 3.52236712024456e-11 0.00251670070636617 0.0081153635339292
"280" 0.000321110837210584 0 0.000624571043417578 0.00575693448583505 0.00575693448583505 7.89152872335874e-06 7.89152872335874e-06 0.00195248510900007 0.000309612124606652
"281" 0.0115576551083002 0.00624411359644746 0.0064032054463738 0.00155362796710718 0.00155362796710718 0 0 0.00211055870700833 0.00516476974583454
"282" 0.0020704160180715 0.00392255997830428 0.00174327953667126 0.00368936840682454 0.00368936840682454 0 0 0.0022787698994387 0.00315588398544032
"283" 0.00391556679918127 0.00580896003999321 0.00295352903526352 0.00401132315944749 0.00401132315944749 1.16217434314161e-07 1.16217434314161e-07 0.00206377179173855 0.00407408872894338
"284" 0.00621419641362566 0.00892438165268949 0.00293543317384871 0.00174728224011053 0.00174728224011053 8.5116273415813e-05 8.5116273415813e-05 0.00235137029006958 0.00492275855211576
"285" 0.00317253274115093 0.00549298455082975 0.00284069445632702 0.00491381735156483 0.00491381735156483 0 0 0.0021440669362962 0.0040028389406093
"286" 0.00277119334476629 0 0.0018266261886164 0.00174279456659436 0.00174279456659436 0 0 0.00281420965607729 0.00378226347623445
"287" 0.00517719274778442 0.00289457408956924 0.003507875029953 0.00124846765944976 0.00124846765944976 0.000148398652757888 0.000148398652757888 0.00271605382331593 0.00432298174362183
"288" 0 0 0 0 0 2.80785612955644e-06 2.80785612955644e-06 0 0.00147441506249501
"289" 0.0111481848903615 0.0110299983745284 0.000639709765712282 0.000135555262533286 0.000135555262533286 1.33735231223566e-10 1.33735231223566e-10 0.000273820817665536 0.00617985640873638
"290" 0.0108769785278722 0.00616436308518243 0.00567066448434787 0.00159328127029735 0.00159328127029735 5.17418637796027e-09 5.17418637796027e-09 0.00207866923973658 0.00510406545602999
"291" 0.00226256660958507 0.000942936157342537 0.00190975444232621 0.0012185884917934 0.0012185884917934 1.31206216797846e-07 1.31206216797846e-07 0.00119026381802091 0.00295583458097821
"292" 0.00175858961982324 0.00138013321988367 0 0.00102202406251638 0.00102202406251638 2.87995841808353e-08 2.87995841808353e-08 0.000269247792962903 0.00432125619806626
"293" 0.0114001976633058 0.0118080195221349 0.0101834280939962 0.0069269506415141 0.0069269506415141 0.000133382494232662 0.000133382494232662 0.00279724590322826 0.00850421653314166
"294" 0.0102726004659697 0.0083583096113098 0.00309288753158899 0.000254381666218434 0.000254381666218434 0 0 0.00158029342340698 0.00558330356783739
"295" 0.0152174084787762 0.0150790098343552 0.00527916342321241 0 0 8.23043662100158e-08 8.23043662100158e-08 0.00188891394418897 0.00412778250135142
"296" 0.00402364069439892 0.00540185747976939 8.22726505831138e-05 0.000973086981560469 0.000973086981560469 1.19066024968134e-07 1.19066024968134e-07 0.00111959637795146 0.00503377456504696
"297" 0.00146320147694427 0.001007696928004 0 0.000952605386876754 0.000952605386876754 1.17705900421052e-09 1.17705900421052e-09 0.000334361686757204 0.00622892351430834
"298" 0.0159408782066904 0.00701364693490438 0.0101843623028673 0.00186557598794244 0.00186557598794244 0 0 0.0023930494972901 0.00644755062653172
"299" 0 0 0 0 0 1.23034327489615e-06 1.23034327489615e-06 0 0.00135946467176222
"300" 0.00692671794497072 0.0015300690507272 0.0018376703857235 0.000221556846964014 0.000221556846964014 0 0 0.000698019016707044 0.00461208568973359
"301" 0.00987109894721624 0.00537857028320833 0.00106461280779197 0.000482067074844541 0.000482067074844541 1.65174282315945e-07 1.65174282315945e-07 0.00109620272513332 0.00782331574888676
"302" 0.000665495366924034 0.00382865180662608 0.00171769179676251 0.00275895815449119 0.00275895815449119 1.57026164201016e-07 1.57026164201016e-07 0.000504912788408869 0.00431671484815827
"303" 0.00039934792009293 0.000194495430255243 0.00199486893517999 0.000973759403530577 0.000973759403530577 1.29804184766365e-08 1.29804184766365e-08 0.00157453515329715 0.0023178223545239
"304" 0.00348968112926626 0.00371587306101213 0.00253123844125955 0.00183588503363196 0.00183588503363196 0 0 0.00133144374441872 0.00394418312266227
"305" 0.0096440828512681 0.00854541596079799 0.00300059453343034 0.000459155355409853 0.000459155355409853 3.57612507478302e-05 3.57612507478302e-05 0.00155756218387883 0.0059007040747307
"306" 0.000154084025236556 0.000784987015623512 0.000209670919568577 0.000218295861886659 0.000218295861886659 9.34250525481848e-08 9.34250525481848e-08 2.58550593750839e-05 0.00067323989369406
"307" 0.0099488283641889 0.00521824367926431 0.00117973544523928 0.000409513142128375 0.000409513142128375 3.49105740240558e-07 3.49105740240558e-07 0.000871975692390172 0.00814461195265655
"308" 0.000756205831435868 0.001228739741693 0.0011524746033287 0.00491747226073031 0.00491747226073031 6.88342206503211e-06 6.88342206503211e-06 0.0019419942498354 0.00203723736561716
"309" 0.00168547024939142 0.00325516659336816 0.00122341505739271 0.000181691866768017 0.000181691866768017 4.28670980598117e-07 4.28670980598117e-07 0 0.00466021347996499
"310" 0.0130734418366197 0.0105216394162431 0.00120308711804646 0.000398089415778532 0.000398089415778532 0 0 0.00051753786738431 0.00739756685664316
"311" 0.00933859609049807 0.0094822464984365 0.00332354910507032 0.000716917235783779 0.000716917235783779 0.000172451498111099 0.000172451498111099 0.00171483610870307 0.00516068585913036
"312" 0.0128408807224169 0.0137078968613449 0.00401365214505251 1.56768511929041e-05 1.56768511929041e-05 9.26094531029108e-05 9.26094531029108e-05 0.00176744109340691 0.0044678461683
"313" 0.0127006684933408 0.0109548127640515 0.0107248132925675 0.00536125187771111 0.00536125187771111 2.9748891858783e-05 2.9748891858783e-05 0.0027519515672586 0.00803016428941136
"314" 0.0146387850761887 0.0176374743475318 0.00409417974158845 0.00309760657149547 0.00309760657149547 0.000278559538906048 0.000278559538906048 0.00175006949883443 0.00438838027438389
"315" 0.00615343827123064 0.00872389427340575 0.000111576340390283 0.0014957440253976 0.0014957440253976 3.77991106947578e-06 3.77991106947578e-06 6.36491060327609e-05 0.00417308563795039
"316" 0.0024519318425017 0.00489344000181784 0.00299111514503039 0.00604006207269657 0.00604006207269657 3.08569376671195e-06 3.08569376671195e-06 0.00224330660473439 0.00410847118156946
"317" 0.00315874517442467 0.00146692029441695 0 0.000839232345163251 0.000839232345163251 4.58966280552123e-10 4.58966280552123e-10 0.000518797655880266 0.00484641799002929
"318" 0.00757116112129856 0.00370708425031552 0.00292479772879056 0.00157065275918544 0.00157065275918544 4.11579712888712e-08 4.11579712888712e-08 0.00126317197683132 0.00631124415640707
"319" 0.00392402680254124 0.000896416677319108 0.00220460133741752 0.000959941455287415 0.000959941455287415 0 0 0.00109220514441431 0.00379052011278939
"320" 0.0038402004766447 0.000195038909842625 0.0001515042431324 2.75862815328189e-05 2.75862815328189e-05 1.82500281853147e-07 1.82500281853147e-07 0.00101092339265742 0.00406600297090295
"321" 2.10492075136948e-05 9.85807225171555e-05 7.08133039462409e-05 2.52756504431283e-05 2.52756504431283e-05 0 0 0.000632154191486542 0.000949020362515032
"322" 0.00110408639478599 0.00198393195773396 0.00141664519607588 0.00338490645786309 0.00338490645786309 2.78265565416023e-05 2.78265565416023e-05 0.00176617981026145 0.0021714786254509
"323" 0.00969152392761845 0.00725366163995685 0.00262222318163371 0.000553902569462657 0.000553902569462657 9.19980366113212e-08 9.19980366113212e-08 0.00133718033668011 0.00735095387291968
"324" 0.0146182882156561 0.00791970119203428 0.00770764811412567 0.00121330188598356 0.00121330188598356 8.08853421040099e-09 8.08853421040099e-09 0.00219082645593044 0.00567924481669027
"325" 0.00414378687611802 0.000804851406889044 0 0.000506038798043112 0.000506038798043112 1.26804584246798e-09 1.26804584246798e-09 0.000732058762559835 0.00535846594360754
"326" 0.0089482710763012 0.00279177000890319 0.00109966697993977 0.000232090076825318 0.000232090076825318 6.74438340078123e-08 6.74438340078123e-08 0.00208272562772671 0.0075031690137405
"327" 0.00763950605893313 0.00642426967518638 0.00397240288936332 0.00267926133019352 0.00267926133019352 3.82656096394658e-09 3.82656096394658e-09 0.00199370444796766 0.00460145474182166
"328" 0 0 0.000168838481523944 8.55667058738381e-05 8.55667058738381e-05 3.09405138055238e-06 3.09405138055238e-06 0 0
"329" 0.000640312451191575 0.00274643822947432 0.00142565653833122 0.0025614389327308 0.0025614389327308 0 0 0.000309131077368627 0.0042334798938721
"330" 0.00607425478014277 0.000762295677104887 0.000471218934982472 9.50053094914612e-05 9.50053094914612e-05 1.57861126413385e-07 1.57861126413385e-07 0.00124629838975897 0.00503877665791456
"331" 0.00310739018369581 0 0 0.000284411611024585 0.000284411611024585 2.24655438548343e-08 2.24655438548343e-08 0.000840491699897077 0.00477192689894917
"332" 0.0115128862984108 0.0085924724901407 0.00523019647115346 0.00083776601774489 0.00083776601774489 2.26748714529508e-05 2.26748714529508e-05 0.0019796145633055 0.00476302612120575
"333" 0.007599351281961 0.00236172568188508 0.00284784183440974 0.00182706995164069 0.00182706995164069 0.000144532089169968 0.000144532089169968 0.00114346966988733 0.00558246750879122
"334" 0.0126074691011815 0.0111128118791046 0.0106265549872203 0.00573263168057717 0.00573263168057717 0 0 0.00353772235479717 0.00836084951553358
"335" 0 0.000431332227753706 0.00105670441044857 0 0 7.87785479944773e-07 7.87785479944773e-07 0.000371641762457315 0
"336" 0.000351492175212081 0 0.000814245397040959 0.0052692621791656 0.0052692621791656 0.0266255940640613 0.0266255940640613 0.0019938107812401 0.00124232718846706
"337" 0.017106408034061 0.0118741746843537 0.0085947250448737 0.000677241901170027 0.000677241901170027 4.51386284687966e-06 4.51386284687966e-06 0.00234159120252088 0.00578224516833952
"338" 0.00797110303941834 0.00357004456321727 0.00298711862336465 0.00125522333022916 0.00125522333022916 3.45898213659848e-05 3.45898213659848e-05 0.00124752715034197 0.00634512803834596
"339" 0.00194506883167375 0.00389056791915391 0.00178921599863859 0.00433602247517031 0.00433602247517031 0 0 0.00216991610349719 0.00323560556673264
"340" 0.00211033474806786 0.00431826082402996 0.00217908415426667 0.00491440712077659 0.00491440712077659 0 0 0.00235791563807551 0.00347798138231506
"341" 0.00937925152141761 0.00248874707923852 0.00137530561531658 0.0003200492686931 0.0003200492686931 6.20414206121594e-11 6.20414206121594e-11 0.00196530513083452 0.00714903692274932
"342" 0.000367663018750934 0.000688267176765381 0.000146382880239696 0 0 0 0 0.000622084759700933 0.00112941324095437
"343" 0.0127767344397856 0.00813888362221334 0.0013132108544227 0.000626033691321593 0.000626033691321593 1.5962099467282e-05 1.5962099467282e-05 0.000703920578400579 0.00805593847530783
"344" 0.00331070097095231 0.00457190823428051 0.00220849844562795 0.00233427952514278 0.00233427952514278 6.03980216276783e-08 6.03980216276783e-08 0.00282344948544538 0.00399205022568655
"345" 0.000477107833419776 0 0.00129636913150097 0.00227303226030637 0.00227303226030637 5.22866978675678e-06 5.22866978675678e-06 0.00156083118396917 0.000272074651974294
"346" 0.00591924503434413 0.00357494651545318 0.000117394815624117 0.000724792631639631 0.000724792631639631 1.21685288008995e-07 1.21685288008995e-07 0.00126764424289871 0.00607000523427063
"347" 0.0150611649475696 0.0065718994401325 0.0100392979698475 0.00190194948750704 0.00190194948750704 9.82324972083319e-06 9.82324972083319e-06 0.00237152126102247 0.0062941029170303
"348" 0.00127815237896744 0.000164850414272989 0 0.000592347748757734 0.000592347748757734 7.36455428785712e-10 7.36455428785712e-10 0.000566234059956605 0.00512871352960265
"349" 0.00081981377855218 0 0.000810352501600977 0.00566535096545388 0.00566535096545388 9.66630402143084e-08 9.66630402143084e-08 0.00198839892243358 0.000151782371968511
"350" 0.0107141933939131 0.0122472146346231 0.0103471324390419 0.00785673519161571 0.00785673519161571 0.000929146499661016 0.000929146499661016 0.00283810456937768 0.00849182344587813
"351" 0.0144248720882658 0.0117538317339912 0.00643396530822244 0.000722085873188083 0.000722085873188083 4.11807967584882e-09 4.11807967584882e-09 0.00205028787866492 0.00541038455004879
"352" 0.000377545210236039 0.00178350168720313 0.00061795112011278 0.000938538462734189 0.000938538462734189 8.54814713532999e-06 8.54814713532999e-06 5.570980355595e-05 0.00372706018070397
"353" 0.0079250689999789 0.00120198073019399 0.000828162859695285 0.000122803360130489 0.000122803360130489 6.65799776420105e-11 6.65799776420105e-11 0.0011548535230119 0.00643137988890541
"354" 0.00151697952880485 0.0029935426573015 0.00155044166491077 0.00528153762392978 0.00528153762392978 4.35183321902797e-06 4.35183321902797e-06 0.00248789636020063 0.00292862072375408
"355" 0.000712664324487413 0 0.0021313552380194 0.00109513381173124 0.00109513381173124 2.72324261484135e-08 2.72324261484135e-08 0.00124246109755317 0.00101009408463723
"356" 0.00040229523720618 0.000104468334462748 0.000867558282899803 0.00509138225267134 0.00509138225267134 0 0 0.00197418514969415 0.00134338237470799
"357" 0.00811119105674285 0.0101547804203515 0.00954412673156404 0.00875466000500455 0.00875466000500455 0 0 0.00283566481272076 0.00795487467028732
"358" 0.000705441406647466 0 0 0.000790600632624733 0.000790600632624733 2.06882507622498e-08 2.06882507622498e-08 0.000397323695595305 0.00630462905031796
"359" 0.00425268660575885 0.00545796187763071 0.00354295178630506 0.00488816733842257 0.00488816733842257 6.37665152422733e-08 6.37665152422733e-08 0.00224355269069051 0.00440924927850253
"360" 0.0163132885874401 0.0124551985690874 0.00769205757733158 0.000569160755826605 0.000569160755826605 5.35041600897209e-05 5.35041600897209e-05 0.0036182624443626 0.00546841631090839
"361" 0.00099929525458078 0.00202404445651704 0.00338677563580388 0.00206048625621072 0.00206048625621072 5.54426240465425e-07 5.54426240465425e-07 0.00071040191257624 0.00332624683371329
"362" 0.00094092470927098 0 0.00176788538327114 0.000749324646236308 0.000749324646236308 7.03398273741857e-07 7.03398273741857e-07 0.00102708101465109 0.00131380496804151
"363" 0.0121015175951528 0.0151841477519944 0.0121750440399609 0.00871562173400068 0.00871562173400068 0.116742016798132 0.116742016798132 0.0030324946324404 0.00955258072383475
"364" 0.00325244618057532 0 0 0.000270902231348261 0.000270902231348261 3.58586771381443e-12 3.58586771381443e-12 0.000848141700019023 0.00477383310672082
"365" 0.00764815807220772 0.00396272766889007 0.00143221710322307 0 0 4.35394095322611e-07 4.35394095322611e-07 0.00134342715539416 0.00321772059516661
"366" 0.00427249496956205 0.00240761481991468 0.00054985587421306 0 0 1.36390274083616e-07 1.36390274083616e-07 0.00112463547826029 0.00376467329040218
"367" 0.000484233375952252 0 0 0.000751501203356592 0.000751501203356592 6.30844679600563e-07 6.30844679600563e-07 0.000394226859010068 0.00622723752631218
"368" 0.0113890365159775 0.00413785468618493 0.00250391562579427 0 0 0 0 0.00167267182990802 0.00321409291690554
"369" 0.000426117802606903 0.0146501537638045 0.00175419038366459 0.00140069321375661 0.00140069321375661 8.2769132749154e-07 8.2769132749154e-07 0.00027160389740136 0.00763679275577369
"370" 0.0081821064102568 0.0147857585385062 0.000372206388602675 0.000496484581877402 0.000496484581877402 1.12766773602729e-07 1.12766773602729e-07 0.0003783154847468 0.00636700511345499
"371" 0.000135136613099275 0 0 0.000358516812103145 0.000358516812103145 2.61495066566547e-09 2.61495066566547e-09 0 0.00113589971807963
"372" 0.0150615564358307 0.0144645947508288 0.00511969015748357 0 0 1.75726817317022e-05 1.75726817317022e-05 0.00186799487701285 0.00405967913769583
"373" 0.0174749593518477 0.0188385116408553 0.00663473505161441 0 0 8.16560443430631e-05 8.16560443430631e-05 0.00203351335413069 0.00487758513133807
"374" 0.0012959535460388 0.000352918992739773 8.23625625979846e-05 2.01966647885794e-05 2.01966647885794e-05 0 0 0.00081895296306788 0.00239549535482703
"375" 0.0123509640068465 0.00490818144109521 0.00291264182686827 0 0 2.44111859365296e-06 2.44111859365296e-06 0.00164742802991083 0.00322001270449229
"376" 0 0 9.61464040674756e-05 0 0 2.85174717354589e-07 2.85174717354589e-07 0 0.000708481137003009
"377" 0.00130354411958387 0.00342171123256043 0.000619274842487553 0.00074629814506115 0.00074629814506115 2.08983322523893e-05 2.08983322523893e-05 0.00036919117121572 0.00384494430302071
"378" 0.00113296308311611 0 0 0.000491152503748495 0.000491152503748495 3.87145009101018e-07 3.87145009101018e-07 0.000570965903991488 0.0042024058088643
"379" 0.00199368665720244 0.000674334741861937 0.000130657935332144 0 0 4.83970314598535e-06 4.83970314598535e-06 0.000847583409592595 0.00285352046719051
"380" 0 0 0 0 0 2.73504249869076e-06 2.73504249869076e-06 0 0.0014363439593406
"381" 0.0150457300476198 0.0137059711940417 0.00517085563002355 0 0 7.5265717763986e-07 7.5265717763986e-07 0.00187424318081104 0.00395335186979662
"382" 0.00105490423506467 2.40668466366484e-05 0.00145355442526485 0.000496344494849606 0.000496344494849606 0 0 0.00100852054278954 0.00113030513393813
"383" 0.0164380573702884 0.018590404161272 0.00639429230939017 0 0 6.83704366112708e-05 6.83704366112708e-05 0.00241844014283796 0.00498733876239672
"384" 1.11466108147899e-05 0 0.000125704537461947 0 0 7.60029426379369e-06 7.60029426379369e-06 0 0.00070048144191258
"385" 0.000736610647759192 0.00458438284874395 0.000387806814460003 0.000908515716304013 0.000908515716304013 7.18459280002343e-08 7.18459280002343e-08 0 0.00434741773382767
"386" 0.00328667066669071 0.00443770155259658 0.002335654421943 0.00275195848691792 0.00275195848691792 4.80197971867102e-05 4.80197971867102e-05 0.00140918140110285 0.0037367396279561
"387" 0.00173705450601859 0.00264005387112513 0.00195198053676586 0.00213657278685722 0.00213657278685722 1.30355466224982e-06 1.30355466224982e-06 0.00145441729378476 0.00278961616996719
"388" 0.0152610130583164 0.00836073215447638 0.00167945820237099 0.000574877232937822 0.000574877232937822 5.43291135560892e-05 5.43291135560892e-05 0.000683108900624164 0.00824546572656534
"389" 0.00115369275840479 0 0.00157534678692713 0.00070676065946622 0.00070676065946622 4.34253207019115e-05 4.34253207019115e-05 0.000837236513695154 0.00157111219477059
"390" 0.00294856672619793 0.00434429706989316 0.0022368302048582 0.00218355451647555 0.00218355451647555 0 0 0.00144203572685032 0.00357189418389922
"391" 8.54810152244036e-05 0 1.2139146464963e-05 2.27743553366772e-05 2.27743553366772e-05 9.39987206959323e-09 9.39987206959323e-09 0 0.00136470650229767
"392" 0 0.000444888905911669 0.000920715473375954 0 0 0 0 0.000385599113943036 0
"393" 0.00324084172885866 0.00566572386888309 0.00215753491133471 0.00305109584324133 0.00305109584324133 8.97112616664071e-05 8.97112616664071e-05 0.00188097894254688 0.00371939187413597
"394" 0.0150544429060623 0.0142243231763119 0.00515399988519933 0 0 2.0317297814852e-06 2.0317297814852e-06 0.00186419510719478 0.00402621451625446
"395" 6.54894275340222e-05 0.000117368685573935 5.88645503107129e-05 2.10244824781674e-05 2.10244824781674e-05 1.75798437724713e-06 1.75798437724713e-06 0.000640411923014737 0.00103097959650746
"396" 0.000962729304537085 0.00181510283848646 0.00156858843854492 0.00539969337911353 0.00539969337911353 0 0 0.00319160921557008 0.00256272727827643
"397" 0.00856927198914941 0.00855522614621296 0.0037175066580753 0.00152665252557798 0.00152665252557798 0 0 0.0019001805290177 0.00467094571165898
"398" 0.00382430604654558 0.00451310509183782 0.00234677818105994 0.0023025752088838 0.0023025752088838 4.26725983515453e-07 4.26725983515453e-07 0.00157485940749733 0.00421621398600849
"399" 0.00986264144885129 0.00746382667865238 0.00269879546745731 0.000800215220636966 0.000800215220636966 4.52002727118242e-06 4.52002727118242e-06 0.00225791532005215 0.006540195791711
"400" 0.0133453092574978 0.00971807551691815 0.0106649360023983 0.00441280303777367 0.00441280303777367 0.000498932364136015 0.000498932364136015 0.00267941643445579 0.00747588502147246
"401" 0.00156757275138597 0 0 0.000298217005489535 0.000298217005489535 3.6490876268723e-10 3.6490876268723e-10 0.000750627874129407 0.00440181736691371
"402" 0.0104412895998154 0.00520846977209589 0.00228281922537242 0.000396543455193739 0.000396543455193739 2.08773845324561e-05 2.08773845324561e-05 0.00233544475015859 0.00744758310639494
"403" 0.000878050146783711 0 0 0.000323704512683002 0.000323704512683002 5.3594984536511e-07 5.3594984536511e-07 0.000617787399715001 0.00299456848511883
"404" 0.00857335725980449 0.00467690681811009 0.000750747734975765 0.000377386630424786 0.000377386630424786 0 0 0.000961245192944415 0.00702107014808919
"405" 0.000171164909856362 0.000919592622553938 0.000173292466961412 0 0 7.2077508097602e-05 7.2077508097602e-05 0.000479593496514111 0.000374754156021358
"406" 0.00604331855363669 0.000826219852840112 0.000470754091692257 0 0 0 0 0.00117822285576714 0.00502906150684817
"407" 0.00111658628491105 0 0.00169432458970288 0.00121016744032631 0.00121016744032631 1.01157134061491e-09 1.01157134061491e-09 0.000693806993450739 0.00217048258362979
"408" 0.0152918714486968 0.0154623659646138 0.00527789865368876 0 0 2.74647448223521e-06 2.74647448223521e-06 0.00191631471905168 0.00416315247559612
"409" 0.0171422309804164 0.00979296381772215 0.00927541869009128 0.000844757213204454 0.000844757213204454 1.21354138080839e-06 1.21354138080839e-06 0.00222969158411622 0.00589551045296333
"410" 0.00250688090729582 6.0453804112826e-05 0.000453361093410874 0 0 2.2455134620079e-06 2.2455134620079e-06 0 0.00525514664824993
"411" 0.00499313773821098 0.00621339684554659 0.00260554336023239 0.00195346241184446 0.00195346241184446 1.60225979708589e-08 1.60225979708589e-08 0.0019902367129023 0.00460314527414801
"412" 0 0 0 8.33313475105842e-05 8.33313475105842e-05 1.16657603794686e-05 1.16657603794686e-05 0.000504059473906566 0.000885691240757502
"413" 0.000679663244674852 0.00166760913687374 0.00298831857080863 0.00152632534649952 0.00152632534649952 6.61644433709491e-10 6.61644433709491e-10 0.000846999924976859 0.00271704333299212
"414" 0.000152268712611372 0.000107641644145358 0.00111363917947666 0.00289455043341782 0.00289455043341782 1.81225425450313e-06 1.81225425450313e-06 0.00158823137452969 0.000828505431953746
"415" 0.00991430612275729 0.00553881891346477 0.00522400624626228 0.00194767821393195 0.00194767821393195 0 0 0.00207733245573166 0.00485741384615571
"416" 0.0108325906791197 0.00918808968304791 0.00425198457222843 0.000695820563305184 0.000695820563305184 4.40868279164001e-07 4.40868279164001e-07 0.0019374347213332 0.00477608081668518
"417" 0.00129581848555465 0.00183208790824601 0.00294089481793109 0.00849816755764579 0.00849816755764579 8.4881145625141e-05 8.4881145625141e-05 0.002440635782039 0.00361118853804142
"418" 0.013495845766343 0.00434172813918062 0.00260516610343723 0.000358369308374811 0.000358369308374811 2.16034582810013e-05 2.16034582810013e-05 0.000847802313752536 0.0077747302339562
"419" 0.0166674328851673 0.00900159611111474 0.00966874677736034 0.0010447939127838 0.0010447939127838 1.92282719437629e-06 1.92282719437629e-06 0.00226085531317011 0.00612471884118509
"420" 0.00092565224524478 0 0 0.000478044751671914 0.000478044751671914 1.98941239420916e-09 1.98941239420916e-09 0.000588411243105803 0.00427123669904108
"421" 0.0110439145679842 0.00587992605177369 0.00224375817261044 0 0 3.66034540863196e-06 3.66034540863196e-06 0.00151052331597407 0.00371579292316912
"422" 0.00323585563582558 0.00282691624001538 0 0.00145121450424745 0.00145121450424745 2.14869112363821e-07 2.14869112363821e-07 0.000452792350082913 0.00483322801970908
"423" 0.0133136446693674 0.00573302266151379 0.00942669132916625 0.00376888158556367 0.00376888158556367 0 0 0.00251020402975678 0.00679487789655128
"424" 0 0 0 0.000233950832438728 0.000233950832438728 4.73558777557266e-09 4.73558777557266e-09 0 0.00266600037276182
"425" 0.00370067316583452 0.000998726449480097 0.000611607666597747 0 0 9.00824950166064e-07 9.00824950166064e-07 0 0.00611236886511703
"426" 0.000965542390789195 0 0.00193393096608803 0.00175686413260359 0.00175686413260359 0.00017070310122868 0.00017070310122868 0.000923707714251305 0.00172203095330122
"427" 0.0133606419591439 0.012901486042897 0.0109299541771266 0.00615297210616281 0.00615297210616281 0 0 0.00296402578970451 0.00858166044228905
"428" 0.000415365853644663 0.000205931822738806 0.000149474700246545 0 0 7.96566643048232e-06 7.96566643048232e-06 0 0.00139532846796167
"429" 0.000999536097832362 0.000858908852449318 0 0.000590392787319251 0.000590392787319251 0 0 0 0.00222286492115354
"430" 0.00382603192881123 0.00540170739700154 0.00333210759779131 0.00487600747511364 0.00487600747511364 3.03779999774312e-07 3.03779999774312e-07 0.00217748192778391 0.00415353071981287
"431" 0.00587778048822011 0.00111088679135093 0.00173207065186546 0.000215644576155028 0.000215644576155028 0.000180254264725845 0.000180254264725845 0.000695764486189894 0.00442391415238267
"432" 0.0146865510211675 0.00912818662630012 0.0110319847753392 0.00362698845331754 0.00362698845331754 0.0356626795065186 0.0356626795065186 0.00273095190685195 0.00714762876025623
"433" 0.00307399928783431 0.00545621163480835 0.00212808955748938 0.00319054667573609 0.00319054667573609 5.14778084923227e-07 5.14778084923227e-07 0.00190028133542709 0.00368851017041825
"434" 0.0133871105461978 0.0155168319696216 0.0112861090730766 0.00713637462342447 0.00713637462342447 0.000237672051305369 0.000237672051305369 0.00288895306389231 0.00918037693889075
"435" 0.000135557125243599 0 0.00131160473676879 0.00175450372953284 0.00175450372953284 8.29916784836924e-05 8.29916784836924e-05 0.00141344082028203 0.000900369243309811
"436" 0.000127116942843838 0 0.00132928820441646 0.00188348750993341 0.00188348750993341 1.02697332072428e-07 1.02697332072428e-07 0.00143304759731684 0.000877115755259817
"437" 0.000485535556819497 0 0.000698950598679721 0.00800985688565341 0.00800985688565341 4.14124462060466e-06 4.14124462060466e-06 0.00215272218780863 0.000476047395297089
"438" 0.0131525733279697 0.00968879034136316 0.00303289524448347 0 0 8.77155931981951e-06 8.77155931981951e-06 0.00160120062316849 0.00389979539593854
"439" 0.00267237164608604 0.0046275164225141 0.00193164361692012 0.00315566842505463 0.00315566842505463 0 0 0.00277233974526591 0.00341697436756701
"440" 0.0159882392916919 0.0181455484876066 0.00542402213357905 0.00122260182432414 0.00122260182432414 0.000115247343866984 0.000115247343866984 0.00292731538449389 0.00432297051627107
"441" 0.000165572065949311 0 0.000153632079043839 0.000225627021137154 0.000225627021137154 3.06679475030348e-07 3.06679475030348e-07 0 0.00181258871496378
"442" 0.00319755225294541 0.00300777014437818 0 0.000540614172114942 0.000540614172114942 1.52204866246019e-06 1.52204866246019e-06 0.000436491192873301 0.00298513508814216
"443" 0.000394621286102739 0.0120112688232501 0.00150249583091536 0.00153534526193688 0.00153534526193688 0.000137875734796854 0.000137875734796854 0.000308639667046541 0.00603472762264742
"444" 0.0138843350563741 0.0158880054979109 0.00365266817227415 0 0 1.39157302346931e-08 1.39157302346931e-08 0.00171939301572014 0.00459912973265136
"445" 0.00697141176937793 0.00678693511366455 0.00707332292938622 0.00675670193126092 0.00675670193126092 0 0 0.00250882026903974 0.00605058744678766
"446" 0.00829694203100167 0.00590218374352507 0.000412852872801749 3.03426692809193e-05 3.03426692809193e-05 0 0 0.000109325598207331 0.00417510353226133
"447" 0.00759078272263346 0.00160191059771451 0.00277633643548088 0.000772527437117265 0.000772527437117265 3.0015560870813e-10 3.0015560870813e-10 0.00100632928801952 0.00555857078317001
"448" 0.000726565161119173 0.00102369778501961 0.00119898095726132 0.00423608388599409 0.00423608388599409 0 0 0.00190833756375998 0.00186007597721304
"449" 0 0 0 0 0 0 0 0.000392875840367061 0
"450" 0.000355452982279085 0.000315545175155748 0.00090321879621167 0.0042120413641901 0.0042120413641901 2.18968891524522e-05 2.18968891524522e-05 0.00184858719227825 0.00124690994248923
"451" 0.00193447742596767 0 0.00183837806407685 0.000762023055655652 0.000762023055655652 0.000110525897212957 0.000110525897212957 0.00193065932470375 0.00523593056306293
"452" 0 0.00607239429415973 0.000684632688784778 0.00115206434619612 0.00115206434619612 6.63820315657473e-08 6.63820315657473e-08 0 0.00518707111600135
"453" 0 0 0.000122439954872338 0 0 1.37967627338193e-07 1.37967627338193e-07 0 0.000702660673742799
"454" 0.0025135539114832 0.00306558235350974 0 0.000524192200734842 0.000524192200734842 1.48302479037356e-07 1.48302479037356e-07 0.000616165049639676 0.00280111418508331
"455" 0.00348074530025551 0.00164601545910443 0.000362375757049149 0 0 0 0 0.00106065622054043 0.00389974498447349
"456" 0 0 0 1.41358424691084e-05 1.41358424691084e-05 3.27893455553491e-08 3.27893455553491e-08 0 0.00161701178361331
"457" 0.00420912954237408 0.00693818014588622 0.00265183175668678 0.00291448607756074 0.00291448607756074 0 0 0.00197198861404352 0.00413279777476279
"458" 0.0172244367968743 0.0164429081664531 0.0073001040616678 0 0 0 0 0.00203939995552522 0.00496820099741556
"459" 0 0.00443063901374828 0.000514485598859435 0.000885377214873497 0.000885377214873497 1.26866964212133e-07 1.26866964212133e-07 0 0.00463458761660507
"460" 0.0096676344260346 0.00850685801059496 0.0029946461971052 0.000428488334622589 0.000428488334622589 0 0 0.00154791256653873 0.00594770782761788
"461" 0.0011176616012123 0 0.00151467848587506 0.00067560766782722 0.00067560766782722 2.37439706084176e-08 2.37439706084176e-08 0.000921162016004372 0.0013927217051208
"462" 0.000860529882486629 0 0.00190866654722815 0.000831315952304963 0.000831315952304963 3.02555092325335e-05 3.02555092325335e-05 0.00117602425894585 0.00112015076235744
"463" 0.00158743091682026 0.00555357540447943 0.00151486222715092 0.0018302295949698 0.0018302295949698 1.42604164543258e-05 1.42604164543258e-05 0.000610060407512285 0.00539942747898044
"464" 0.0117892201901455 0.00363945191160056 0.0028406823504086 0.000551854476147076 0.000551854476147076 0.000111353306285836 0.000111353306285836 0.00109412777089737 0.00799797323893157
"465" 0.000219609177054024 0 0.00162606282289074 0.00139281776056975 0.00139281776056975 3.72741538242174e-06 3.72741538242174e-06 0.0020577484523719 0.000809951529118362
"466" 0.00638811398407108 0.00667429920432781 0.000380421791170729 0.000893343296004476 0.000893343296004476 3.12011006449986e-08 3.12011006449986e-08 0.000954676800577156 0.00632992010152097
"467" 0 0.00205306919084203 0.000223170070379565 0.000717002164126179 0.000717002164126179 5.68809744589136e-07 5.68809744589136e-07 0 0.00398503002579231
"468" 0.00516521918626229 0.00977048792782543 0.00131621503091522 0.000376512405320112 0.000376512405320112 9.78825357104298e-06 9.78825357104298e-06 7.3973378722264e-05 0.00451701061560887
"469" 0.000870835752603476 0 0.00194290870670631 0.000806827057250857 0.000806827057250857 0 0 0.00127661317870449 0.00115438445715851
"470" 0.00232845472597868 0.0037058352628759 0 0.000682379127539035 0.000682379127539035 3.03614064440663e-09 3.03614064440663e-09 0.000434151820668416 0.00258635246468286
"471" 0.00107693325344164 0.00432166692845386 0.0033857606962866 0.00113185495701039 0.00113185495701039 7.64693662381021e-06 7.64693662381021e-06 0.00100014506724382 0.00416515766360865
"472" 0.00105059490976329 0.000162768878445218 0.0016433977022908 0.00153341475893743 0.00153341475893743 1.21108353038723e-08 1.21108353038723e-08 0.0011810543004107 0.00253074232783843
"473" 0.00870291503836257 0.00198177492231137 0.00276934740256885 0.00206966798659856 0.00206966798659856 0 0 0.00108025106426563 0.00627228417013909
"474" 6.10255356111856e-05 0.00646217196048196 0.000683568407842583 0.00123921225722129 0.00123921225722129 3.15587087899583e-07 3.15587087899583e-07 0 0.00536260721016778
"475" 0 0 0 8.11099941924808e-05 8.11099941924808e-05 8.45740849065427e-08 8.45740849065427e-08 0 0.0016952394345231
"476" 2.91109534609499e-05 0.0008684627119845 9.83909538809694e-05 0.000496119274875315 0.000496119274875315 1.22854233621977e-07 1.22854233621977e-07 0 0.0033421492843175
"477" 0.00651474260189225 0.00738611536413095 0.00286103761320546 0.00212400396103734 0.00212400396103734 1.50888085361791e-09 1.50888085361791e-09 0.00156236928211873 0.00577018628227766
"478" 0.011107352450925 0.0123144974277352 0.000877265600548565 0.00083896847861729 0.00083896847861729 3.97261897784927e-05 3.97261897784927e-05 0.000480800887065108 0.00700868090346385
"479" 0 0 0 5.79066420506087e-05 5.79066420506087e-05 0 0 0.000450134479513724 0.000557403420012581
"480" 0.0074825700608466 0.00273912499107583 0.00148906660213112 0 0 0 0 0.0013040206098175 0.00388681783680927
"481" 0.00400223349280232 0.00111679592219905 0.000203291460357721 0 0 8.35988392273933e-07 8.35988392273933e-07 0.000937256958017694 0.00392542045484821
"482" 0.00891218897761737 0.0077833014676874 0.00295930683572689 0.00187112397735727 0.00187112397735727 0.000252020078214525 0.000252020078214525 0.00140365247334598 0.00679389860913865
"483" 0.000392561330626123 7.56360482225915e-05 0.0008427734595392 0.00516633278514099 0.00516633278514099 0.000881633444581726 0.000881633444581726 0.00199348833702064 0.00135974774366994
"484" 0.00899594670630815 0.0074296724693746 0.00294696001113372 0.000970547128477202 0.000970547128477202 0 0 0.00137893725653045 0.00706558987922705
"485" 0.00504438029942978 0.0110950893895677 0.00482246124336284 0.00438418411583983 0.00438418411583983 1.25976566776197e-05 1.25976566776197e-05 0.00220342862386692 0.00902934096512563
"486" 0.00146310560776805 0.0026963595551646 0.00170959342041122 0.0025011992337149 0.0025011992337149 0 0 0.00153415049285517 0.00243357060887577
"487" 0.00335037283677184 0.00173464180052468 0.000364988598074886 0 0 1.83327091998059e-06 1.83327091998059e-06 0.00105103806826683 0.00426880542845631
"488" 0.0138535500637816 0.00561460651587494 0.00944411287530374 0.00370331676938425 0.00370331676938425 9.67776092406594e-06 9.67776092406594e-06 0.00246482197068904 0.00661956250505739
"489" 0.00841691735394963 0.00641170845943701 0.00789832849350385 0.00627626275210756 0.00627626275210756 1.07292755271331e-05 1.07292755271331e-05 0.00257824334997921 0.00656399814581386
"490" 0.00860472772251237 0.00404834168594861 0.0030360635826699 0.0010798621209406 0.0010798621209406 2.07588343646636e-05 2.07588343646636e-05 0.00124026128074217 0.00743381780941323
"491" 0.0106130368417279 0.00454983202468355 0.00282225702966213 0.000690923824498853 0.000690923824498853 3.0855422384207e-11 3.0855422384207e-11 0.00119756089024865 0.00773150219742408
"492" 0.00508286352383576 0.000293788878636193 0.000175529379929794 0.000276785157936997 0.000276785157936997 1.4390302144204e-10 1.4390302144204e-10 0.000895878239682116 0.00557686540955399
"493" 0.00114797914552513 0 0.00157732754099505 0.000808632041603536 0.000808632041603536 7.45281574804959e-09 7.45281574804959e-09 0.000878076420940958 0.00149932396037045
"494" 0.0154815480995739 0.00669836678090795 0.0100991059436852 0.00197555233111544 0.00197555233111544 0 0 0.00239442120225968 0.00644828028579258
"495" 0.0153244264825605 0.00813909301856235 0.0016656888512349 0.000364885300067536 0.000364885300067536 1.4713183993778e-05 1.4713183993778e-05 0.000701855376076657 0.00825624417974178
"496" 0.000716203861204455 0 0 0.000211698394486151 0.000211698394486151 7.16140467740889e-09 7.16140467740889e-09 0.000710168866457927 0.00281660876394551
"497" 0 0.000210671103899233 0.00129833305574052 0 0 0.000340145657750287 0.000340145657750287 0.000344392210857751 0
"498" 0.00534545512784099 0.00604000450745699 0.00331241193134923 0.00309071619530441 0.00309071619530441 0 0 0.00203450152739045 0.00440899845039081
"499" 0.00777134441566185 0.00283801100782601 0.0028851038625852 0.00125003405797086 0.00125003405797086 5.56495316506179e-09 5.56495316506179e-09 0.00119256658994183 0.0064306448312786
"500" 0 0 0 8.2504352483984e-05 8.2504352483984e-05 0 0 0.000519864112915497 0.000887829767621001
"501" 0.0107142902329685 0.00769257572781815 0.0023404335980316 0 0 1.4080654558932e-09 1.4080654558932e-09 0.0015061295887498 0.0048047216335911
"502" 0.0159606034380975 0.00832943250107626 0.00970707366304633 0.00125375372633814 0.00125375372633814 0 0 0.00229284341890838 0.00618485320404938
"503" 0.0150537965330776 0.00485039932334346 0.00211468319593069 0.000681767355752185 0.000681767355752185 1.14445619024242e-05 1.14445619024242e-05 0.000852200987008967 0.0084844649001934
"504" 0.00317447001161046 0.00316015901761436 0.000726765956055498 0.000228288722701744 0.000228288722701744 2.2293686827767e-05 2.2293686827767e-05 0 0.00530306111800394
"505" 0.00119781455307325 0.00218063047684747 0.00239794693094112 0.00745370936174009 0.00745370936174009 9.26186632780424e-06 9.26186632780424e-06 0.00233028551192778 0.00329158159414001
"506" 0.00086240978266302 0.00276579908664534 0.00346248930272968 0.00175145063943169 0.00175145063943169 0 0 0.000717186900399835 0.00353987634431971
"507" 0.00838384934787606 0.00780109072217561 0.000530330745624015 0.000776084495327717 0.000776084495327717 3.12582790227851e-06 3.12582790227851e-06 0.000817126923135099 0.00711300998342358
"508" 0.00659798427698127 0.0100019135341309 0.000201516826699113 0.000715272569371861 0.000715272569371861 6.16295438423349e-08 6.16295438423349e-08 0.000425558879208205 0.00615523359788741
"509" 0.00940611433699902 0.0039721489721597 0.00158020237058351 0 0 4.07214559618186e-05 4.07214559618186e-05 0.00135296492355307 0.00546656294741476
"510" 0.00164108362106681 0.000331756581375557 0.00134804604422883 0.000845196400845375 0.000845196400845375 3.60783137262562e-05 3.60783137262562e-05 0.000874260201154664 0.00440782634049381
"511" 0.00628732694474814 0.00586306545334186 0.00285567284702684 0.00149024278461698 0.00149024278461698 3.74633374867826e-07 3.74633374867826e-07 0.00149251662303293 0.00556358079432973
"512" 0.00168790328191239 0 2.48824546169933e-05 9.82984662407072e-05 9.82984662407072e-05 0 0 0.000832157832534233 0.00289452992700051
"513" 0.00293805828286639 0.00179852134873738 0 0.000652880708682977 0.000652880708682977 4.14647481513276e-07 4.14647481513276e-07 0.000183971736033144 0.00263990832565937
"514" 0.0099204210304111 0.00527909006656965 0.00286842446614226 0.000814694730675383 0.000814694730675383 4.28557189741681e-11 4.28557189741681e-11 0.00126713333852074 0.00766230976627962
"515" 0.00132470142097073 0 0 0.000112668785940337 0.000112668785940337 0 0 0.000807108412400025 0.00273959242586035
"516" 0 0 0 7.45233300827776e-06 7.45233300827776e-06 7.61209258277373e-08 7.61209258277373e-08 0 0.00139316133754928
"517" 0.00102062247798137 0 0 0.000407066056686516 0.000407066056686516 2.78253122896099e-09 2.78253122896099e-09 0.000622037237023773 0.00383363101880156
"518" 0.000339676829286943 0.000841175296143526 0.000157581851545622 0 0 1.18842245718897e-07 1.18842245718897e-07 0.000578120716945645 0.000925616924021928
"519" 0.000667771067297643 0.0091793747711208 0.00262771870680793 0.00195293553806313 0.00195293553806313 3.85091239464171e-09 3.85091239464171e-09 0.000372982052865064 0.0054640154563677
"520" 0.00369769109121589 0.000167961022858733 0.000139125642198288 3.12403826348145e-05 3.12403826348145e-05 0 0 0.00100772109783699 0.00400232826179335
"521" 0.0169746300119714 0.00948539794121815 0.0098403635141794 0.000982577408334257 0.000982577408334257 1.07296448454204e-06 1.07296448454204e-06 0.00261217157395979 0.00606170032505361
"522" 0.00434945186125745 0.00539180535284421 0.00328798114776135 0.00408835605386537 0.00408835605386537 0.000456517693047578 0.000456517693047578 0.00218705371862013 0.0042885030671075
"523" 0.00103190186538135 0 0.00179954249562651 0.00159381224924037 0.00159381224924037 0 0 0.000902688403065719 0.00167737003682584
"524" 0.00800870440937664 0.00448538463575555 0.00485508607806247 0.00295890225344996 0.00295890225344996 4.9088514038464e-08 4.9088514038464e-08 0.00213192559975382 0.00473895974581125
"525" 0.00971434294684472 0.0079330501527679 0.00412221042551824 0.00121391041212117 0.00121391041212117 7.23237306606309e-05 7.23237306606309e-05 0.00192643548275273 0.00466767668360872
"526" 0.000228860794631202 0.000317852468197359 0.000978382795929044 0 0 5.070921425866e-06 5.070921425866e-06 0.000628634149674856 0
"527" 0.000579172197480242 0 0.000853605508735646 0.000377607584178151 0.000377607584178151 0.00398469167039241 0.00398469167039241 0.00207363641264522 0.000646836507946636
"528" 0.000160783195460701 0.000435396270845108 0.00108273814816454 0.000431447766914713 0.000431447766914713 0.00756964054581513 0.00756964054581513 0.00181292539235087 0.000481602663867723
"529" 0.000935478053907185 0.00238375232017644 0.000865918310028078 0.00013297397882177 0.00013297397882177 1.38247067727144e-06 1.38247067727144e-06 0 0.000194137670851077
"530" 0.000695471464415579 0.00068837022521676 0.00112324398426292 0.000945958528011379 0.000945958528011379 0 0 0.00135105820348597 0.000707692199381346
"531" 0.000750866434719754 0.00198223246864335 0.00107158915038235 0.000772321994973626 0.000772321994973626 7.91999685902907e-06 7.91999685902907e-06 0.00103605621596426 0.000515673752272809
"532" 0.000377956564431904 0.000128226614784242 0.00109543268108861 0.000566863867054943 0.000566863867054943 0.000105659422494477 0.000105659422494477 0.00108828551623039 0.000415659760379926
"533" 0.000866566740596936 5.94154656511875e-05 0.0011583700454892 0.000695811748394909 0.000695811748394909 0 0 0.00175905551179431 0.000576894779179295
"534" 0.000493181080100047 0.0002728783136625 0.00106761810575154 0.000646713500276407 0.000646713500276407 3.37161128890171e-06 3.37161128890171e-06 0.00219402945014993 0.000442936528882267
"535" 0.0018205352891624 0.000920503609059154 0.00188524315241385 0.00150101562171558 0.00150101562171558 3.91947218252465e-06 3.91947218252465e-06 0.00161245166242802 0.00116336775526247
"536" 0.000577313240880833 0.000654508767025553 0.00108359020447889 0.000460706967657176 0.000460706967657176 0.0121846796394037 0.0121846796394037 0.000624565816692118 0.000318205316710944
"537" 0.00162536943812792 0.000191835405059815 0.00227155870134954 0.0010223634274351 0.0010223634274351 4.15604838322373e-06 4.15604838322373e-06 0.00140359190603244 0.00128028875797228
"538" 7.68125124885207e-05 0 0.0012696590091369 0.000170768959214246 0.000170768959214246 0.00893182697174886 0.00893182697174886 0.00117562110999384 0.000168096092144685
"539" 0.000358573257167927 0.000127187375442625 0.0011014680509978 0.000597200489571478 0.000597200489571478 0 0 0.00123750740603043 0.000451330877412143
"540" 0.000355691852553243 0.000119618100359367 0.00110023501304861 0.000588337780070552 0.000588337780070552 2.51388750346762e-06 2.51388750346762e-06 0.00122389546970815 0.0004507262899234
"541" 0.00216679034823455 0.000148834915825991 0.00228237613019611 0.000954526968922826 0.000954526968922826 5.38087773731299e-05 5.38087773731299e-05 0.00141479237032277 0.00166575664073285
"542" 0 0 0.000655686455773661 0 0 2.39581981698122e-06 2.39581981698122e-06 0.000890755926477892 0
"543" 0.000792547206811342 0.000653955094435519 0.00126918154297243 0.00129606715015644 0.00129606715015644 0 0 0.0017994206988939 0.000910034075048675
"544" 0 0 0.000673940214461731 0 0 0.0108667342785086 0.0108667342785086 0.00129178532788114 0
"545" 0.000811418455122627 0.000877322441010928 0.0012955669433264 0.00108447460130314 0.00108447460130314 1.24371843995072e-06 1.24371843995072e-06 0.00233287994907645 0.00106442544270503
"546" 0.00177761594936058 0.000710677648208826 0.00190615942902635 0.00117887231747204 0.00117887231747204 0.00573844532059586 0.00573844532059586 0.00143520859425783 0.00136231801406029
"547" 0.000240404374981182 0.000938809697371115 0.000378895690979582 0 0 0 0 0 0
"548" 8.50716583169332e-05 0 0.00111965497605964 0.000329333340541369 0.000329333340541369 9.16835436560408e-06 9.16835436560408e-06 0.00158635465409966 0.000350343876803234
"549" 0.000264147381986238 3.08242377012249e-05 0.00110125494736772 0.000518895202705084 0.000518895202705084 1.6724167723388e-06 1.6724167723388e-06 0.00134194562777575 0.000414975898037937
"550" 0.00050030968967431 0.000295621234641847 0.00105364517302568 0.000705673396486993 0.000705673396486993 0 0 0.00112519677537567 0.000512555991378582
"551" 0.00130353468960247 0.00159571705303479 0.00144637755376317 0.00139910017228679 0.00139910017228679 7.53022785243175e-06 7.53022785243175e-06 0.00152706552261379 0.00105400882347155
